city,month,DownloadThroughputSplitByClientAndByServer,UploadThroughputSplitByClientAndByServer,RTTSplitByClientAndByServer,NetLimitedSplitByClientAndByServer,ClientLimitedSplitByClientAndByServer,WinScaleRcvdSplitByClientAndByServer,NumberOfClientsSplitByClientAndByServer
100_01_blagoevgrad,01-01-2011,2.299509,0.653293,98.000000,0.817551,0.171512,0.995935,355
100_01_blagoevgrad,02-01-2010,,0.603176,,,,,
100_01_blagoevgrad,02-01-2011,3.377109,0.676663,83.000000,0.646145,0.345295,0.682759,305
100_01_blagoevgrad,03-01-2010,,0.558636,98.000000,0.439361,0.556697,1.003021,
100_01_blagoevgrad,03-01-2011,3.471006,0.688292,82.000000,0.538685,0.455839,0.567961,269
100_01_blagoevgrad,04-01-2010,2.771607,0.578001,116.500000,0.411740,0.573068,1.260450,357
100_01_blagoevgrad,05-01-2010,2.881254,0.562037,120.000000,0.395203,0.599863,1.555252,418
100_01_blagoevgrad,06-01-2010,2.708227,0.545346,119.000000,0.490582,0.503413,1.282927,385
100_01_blagoevgrad,07-01-2010,2.965895,0.631181,113.000000,0.511619,0.481102,1.012681,322
100_01_blagoevgrad,07-01-2011,5.357484,0.724241,80.000000,0.696768,0.298450,1.284345,211
100_01_blagoevgrad,08-01-2010,,0.614485,116.500000,0.591858,0.401140,1.094340,
100_01_blagoevgrad,08-01-2011,4.609158,0.768572,84.000000,0.762645,0.231066,1.405797,202
100_01_blagoevgrad,09-01-2010,,0.643424,114.000000,0.374436,0.615968,0.813291,
100_01_blagoevgrad,09-01-2011,4.444883,0.801708,84.000000,0.622233,0.371624,1.164516,213
100_01_blagoevgrad,10-01-2010,3.187219,0.633047,116.000000,0.306219,0.682697,1.092072,240
100_01_blagoevgrad,11-01-2010,2.531358,0.611227,117.000000,0.568407,0.427057,0.766169,270
100_01_blagoevgrad,12-01-2010,3.481265,0.634601,98.000000,0.443621,0.547293,0.819127,310
100_01_dupnica,01-01-2011,,0.228911,130.000000,0.516812,0.470866,1.886525,
100_01_dupnica,02-01-2011,,0.220900,129.500000,0.631294,0.341145,1.698413,
100_01_dupnica,03-01-2011,,0.196239,130.000000,0.899274,0.059246,1.892116,
100_01_dupnica,05-01-2010,,0.823022,,,,,
100_01_dupnica,07-01-2011,,0.195761,,,,,
100_01_dupnica,08-01-2011,,0.180343,,,,,
100_01_dupnica,09-01-2011,,0.195603,,,,,
100_01_dupnica,12-01-2010,,0.231126,99.000000,0.242068,0.745695,1.043689,
100_01_sofia,01-01-2010,4.093322,0.645219,65.000000,0.803655,0.187432,1.512727,385
100_01_sofia,01-01-2011,3.213363,1.004442,93.000000,0.528662,0.463664,1.012925,5061
100_01_sofia,02-01-2010,4.553562,0.751896,66.000000,0.758071,0.236280,1.835042,2278
100_01_sofia,02-01-2011,4.158448,1.045717,85.000000,0.552354,0.436871,1.194064,4316
100_01_sofia,03-01-2010,3.666488,0.710767,93.000000,0.696896,0.294946,1.813297,4040
100_01_sofia,03-01-2011,4.428112,1.246659,81.000000,0.636770,0.357445,1.105193,4707
100_01_sofia,04-01-2010,3.384916,0.756870,91.000000,0.650653,0.342815,1.882007,7342
100_01_sofia,05-01-2010,3.834609,0.885806,91.000000,0.669126,0.322612,2.116550,7747
100_01_sofia,06-01-2010,3.414704,0.964238,98.000000,0.774255,0.217876,2.104464,7591
100_01_sofia,07-01-2010,3.340412,1.005802,100.000000,0.756314,0.236632,1.890635,6241
100_01_sofia,07-01-2011,5.172170,1.568378,78.000000,0.662239,0.328118,1.360465,3492
100_01_sofia,08-01-2010,3.330244,0.965470,96.000000,0.497663,0.496507,1.115061,3254
100_01_sofia,08-01-2011,4.615008,1.567258,83.000000,0.745147,0.248344,1.339144,3187
100_01_sofia,09-01-2010,3.256116,0.965735,98.000000,0.451002,0.541937,1.042763,3581
100_01_sofia,09-01-2011,4.927339,1.608500,80.000000,0.805856,0.182839,1.602109,3353
100_01_sofia,10-01-2010,3.294879,0.924613,92.000000,0.483186,0.507357,0.979992,4506
100_01_sofia,11-01-2010,3.735757,1.005868,88.000000,0.418200,0.574053,1.063415,4490
100_01_sofia,12-01-2010,3.243065,1.045598,92.000000,0.512082,0.478996,0.991283,4717
100_02_burgas,01-01-2010,,0.523329,,,,,
100_02_burgas,01-01-2011,2.410479,0.682767,105.000000,0.724207,0.257489,1.012830,918
100_02_burgas,02-01-2010,2.985073,0.646884,83.000000,0.428124,0.568869,1.489627,295
100_02_burgas,02-01-2011,3.470266,0.706683,91.000000,0.607910,0.386930,1.116667,680
100_02_burgas,03-01-2010,2.792919,0.620083,105.000000,0.434769,0.562053,1.233725,555
100_02_burgas,03-01-2011,3.581239,0.723046,89.000000,0.622734,0.366359,1.185312,796
100_02_burgas,04-01-2010,2.823448,0.643761,109.000000,0.602890,0.380827,1.696970,1127
100_02_burgas,05-01-2010,2.808305,0.643781,112.000000,0.668765,0.326689,1.804970,1177
100_02_burgas,06-01-2010,2.523371,0.639062,116.000000,0.737817,0.250338,1.758873,1208
100_02_burgas,07-01-2010,2.180029,0.638201,113.000000,0.787508,0.204027,1.684391,1207
100_02_burgas,07-01-2011,3.633635,0.713338,88.000000,0.766325,0.227821,1.456897,682
100_02_burgas,08-01-2010,2.276496,0.643760,112.000000,0.644871,0.340962,1.413255,663
100_02_burgas,08-01-2011,3.211162,0.712328,90.000000,0.640922,0.349078,1.269574,736
100_02_burgas,09-01-2010,2.344255,0.669029,118.000000,0.680539,0.302798,1.261928,704
100_02_burgas,09-01-2011,4.197304,0.724155,89.000000,0.679128,0.315555,1.256989,655
100_02_burgas,10-01-2010,2.314804,0.705331,119.500000,0.616797,0.378849,1.000851,809
100_02_burgas,11-01-2010,2.628606,0.683772,116.000000,0.584460,0.411761,0.968661,677
100_02_burgas,12-01-2010,2.738259,0.683488,102.000000,0.696582,0.294800,0.921507,884
100_02_pomorie,06-01-2010,,0.719749,107.000000,0.845644,0.149671,1.432692,
100_02_pomorie,07-01-2010,1.599256,0.684022,105.000000,0.906574,0.077523,2.182482,217
100_02_sliven,01-01-2011,2.705802,0.641773,99.000000,0.315367,0.678863,0.708333,309
100_02_sliven,02-01-2010,,0.603350,,,,,
100_02_sliven,02-01-2011,3.287851,0.663315,86.500000,0.417056,0.570219,0.638350,257
100_02_sliven,03-01-2010,1.993688,0.574689,104.500000,0.888719,0.101666,1.194444,230
100_02_sliven,03-01-2011,3.667377,0.683766,85.000000,0.290053,0.705601,0.796840,257
100_02_sliven,04-01-2010,2.001320,0.601500,120.000000,0.632981,0.360599,1.064516,355
100_02_sliven,05-01-2010,2.029087,0.582483,132.000000,0.640914,0.355329,1.074194,402
100_02_sliven,06-01-2010,2.667808,0.618302,120.000000,0.747646,0.242537,1.307818,424
100_02_sliven,07-01-2010,2.592777,0.628219,121.500000,0.675692,0.303148,1.057143,405
100_02_sliven,07-01-2011,4.708423,0.734125,81.000000,0.354636,0.641730,0.962637,258
100_02_sliven,08-01-2010,2.325057,0.673341,117.000000,0.674077,0.309956,0.655889,300
100_02_sliven,08-01-2011,,0.716804,86.000000,0.316228,0.676527,0.721739,
100_02_sliven,09-01-2010,1.892362,0.624461,115.000000,0.650971,0.341215,0.977716,252
100_02_sliven,09-01-2011,4.463983,0.758858,86.000000,0.604226,0.391603,1.072508,208
100_02_sliven,10-01-2010,1.751726,0.643106,117.000000,0.738970,0.253368,0.585586,331
100_02_sliven,11-01-2010,2.201866,0.619456,111.500000,0.792320,0.198838,0.927438,341
100_02_sliven,12-01-2010,3.085080,0.702373,101.000000,0.417222,0.579159,1.008097,306
100_02_yambol,01-01-2011,2.361035,1.399924,101.000000,0.926288,0.063241,1.297521,216
100_02_yambol,02-01-2011,2.306092,1.789144,94.000000,0.928121,0.059861,0.771536,207
100_02_yambol,03-01-2011,2.567772,2.048230,86.000000,0.947594,0.040431,0.740214,224
100_02_yambol,04-01-2010,,1.608051,109.500000,0.929282,0.055875,1.238095,
100_02_yambol,05-01-2010,2.401387,1.607133,109.500000,0.932178,0.050667,1.244526,214
100_02_yambol,06-01-2010,,1.366625,106.000000,0.948373,0.040267,1.739316,
100_02_yambol,07-01-2010,,1.646999,106.000000,0.929855,0.062638,1.508547,
100_02_yambol,07-01-2011,,2.171278,90.000000,0.899151,0.086355,1.254902,
100_02_yambol,10-01-2010,,1.005049,97.000000,0.881203,0.115821,0.202899,
100_02_yambol,11-01-2010,,1.327380,,,,,
100_02_yambol,12-01-2010,2.130144,1.669072,97.500000,0.936579,0.048208,1.195833,211
100_03_dobrich,01-01-2011,2.622024,1.205160,88.000000,0.935030,0.051592,0.535242,406
100_03_dobrich,02-01-2011,1.985765,1.266627,83.000000,0.950527,0.039742,0.396104,278
100_03_dobrich,03-01-2011,2.569074,1.902579,76.000000,0.960378,0.027839,0.726225,319
100_03_dobrich,04-01-2010,1.900736,1.527685,95.000000,0.977007,0.012126,0.592058,265
100_03_dobrich,05-01-2010,1.965364,1.929138,89.000000,0.965554,0.019024,0.689286,266
100_03_dobrich,06-01-2010,,1.768802,95.000000,0.951295,0.039043,1.811159,
100_03_dobrich,07-01-2011,4.009128,1.390445,78.000000,0.915146,0.073154,0.974265,251
100_03_dobrich,08-01-2011,2.731933,1.005042,84.000000,0.943767,0.049435,0.906250,230
100_03_dobrich,09-01-2010,2.291030,1.366430,100.000000,0.944405,0.048828,0.346021,261
100_03_dobrich,09-01-2011,3.180731,1.566893,79.000000,0.932659,0.058688,1.143443,211
100_03_dobrich,10-01-2010,2.944315,1.342536,95.000000,0.930402,0.058114,0.691327,355
100_03_dobrich,11-01-2010,2.978942,1.647887,96.000000,0.890762,0.103592,0.360202,337
100_03_dobrich,12-01-2010,2.712161,1.286622,85.000000,0.949500,0.041987,0.798054,376
100_03_varna,01-01-2010,,0.684299,77.000000,0.875907,0.109279,2.039604,
100_03_varna,01-01-2011,3.102790,0.643404,101.000000,0.554813,0.436536,0.935542,1426
100_03_varna,02-01-2010,3.116955,0.683282,83.000000,0.832840,0.158994,1.541254,654
100_03_varna,02-01-2011,3.598398,0.674987,92.000000,0.683491,0.310914,0.995947,1334
100_03_varna,03-01-2010,2.718165,0.643556,100.000000,0.798204,0.196575,1.593932,1151
100_03_varna,03-01-2011,3.756987,0.678794,91.000000,0.683689,0.311464,0.964896,1515
100_03_varna,04-01-2010,2.972538,0.634991,107.000000,0.600081,0.392930,1.544183,1825
100_03_varna,05-01-2010,3.162146,0.637148,109.000000,0.586298,0.408891,1.739903,1773
100_03_varna,06-01-2010,3.093371,0.643174,109.000000,0.561437,0.432044,1.679558,1643
100_03_varna,07-01-2010,3.128719,0.619462,116.000000,0.738081,0.255501,1.670690,1529
100_03_varna,07-01-2011,4.523081,0.660172,87.000000,0.791585,0.198590,1.278245,1141
100_03_varna,08-01-2010,2.936512,0.624987,116.000000,0.555188,0.427911,1.045714,849
100_03_varna,08-01-2011,4.055159,0.674537,90.000000,0.851109,0.140409,1.222600,1037
100_03_varna,09-01-2010,3.057286,0.627106,120.000000,0.633232,0.362551,1.047959,989
100_03_varna,09-01-2011,4.509388,0.699579,90.000000,0.820456,0.163920,1.494090,873
100_03_varna,10-01-2010,2.573270,0.623995,118.000000,0.748764,0.246560,0.921273,1202
100_03_varna,11-01-2010,3.063500,0.626459,115.000000,0.629093,0.366260,1.037300,1101
100_03_varna,12-01-2010,3.379791,0.643700,102.000000,0.449535,0.540858,0.686560,1335
100_04_gabrovo,01-01-2011,2.367371,0.643799,105.000000,0.593090,0.396436,0.542533,336
100_04_gabrovo,02-01-2010,2.041135,0.461330,85.000000,0.945753,0.039101,0.917323,243
100_04_gabrovo,02-01-2011,3.214601,0.661466,94.000000,0.588814,0.407826,0.706818,299
100_04_gabrovo,03-01-2010,1.814039,0.522620,104.000000,0.904252,0.087661,0.574526,292
100_04_gabrovo,03-01-2011,3.989897,0.664927,91.000000,0.413016,0.567112,0.692478,292
100_04_gabrovo,04-01-2010,2.841755,0.603424,120.000000,0.832660,0.163457,1.346970,483
100_04_gabrovo,05-01-2010,2.821193,0.582178,129.000000,0.598679,0.394725,1.282477,450
100_04_gabrovo,06-01-2010,2.862389,0.486957,121.000000,0.657943,0.336833,1.169643,399
100_04_gabrovo,07-01-2010,2.975369,0.612671,114.000000,0.730453,0.262922,1.095764,400
100_04_gabrovo,07-01-2011,,0.694196,87.000000,0.765225,0.231540,1.142322,
100_04_gabrovo,08-01-2010,2.910230,0.602758,112.000000,0.733899,0.250085,0.904328,316
100_04_gabrovo,08-01-2011,,0.664100,92.000000,0.741064,0.251626,1.340909,
100_04_gabrovo,09-01-2010,2.774737,0.581179,118.000000,0.841529,0.148544,1.215938,303
100_04_gabrovo,09-01-2011,,0.618473,91.000000,0.782483,0.206296,1.425000,
100_04_gabrovo,10-01-2010,2.657316,0.575038,117.000000,0.892367,0.097959,1.161364,354
100_04_gabrovo,11-01-2010,2.596119,0.563151,116.000000,0.743314,0.248966,0.519068,347
100_04_gabrovo,12-01-2010,2.621598,0.643682,102.000000,0.865339,0.129031,0.565863,454
100_04_lovech,01-01-2011,,1.285741,96.000000,0.848230,0.145718,1.142202,
100_04_lovech,02-01-2011,,0.965151,,,,,
100_04_lovech,04-01-2010,,0.616411,94.000000,0.762888,0.232621,1.689320,
100_04_lovech,05-01-2010,,0.764278,97.000000,0.680216,0.306126,1.506224,
100_04_lovech,06-01-2010,,0.761644,105.000000,0.896744,0.094077,1.873171,
100_04_lovech,07-01-2010,,0.923345,100.000000,0.726380,0.264493,1.460177,
100_04_pleven,01-01-2011,3.153720,0.763825,99.000000,0.838152,0.155352,0.928395,585
100_04_pleven,02-01-2010,3.896293,0.744210,79.000000,0.789600,0.195744,1.693750,225
100_04_pleven,02-01-2011,3.520595,0.826317,87.000000,0.803556,0.188632,1.068085,492
100_04_pleven,03-01-2010,3.629421,0.716577,97.000000,0.607146,0.384011,1.256311,331
100_04_pleven,03-01-2011,3.752709,0.842263,82.000000,0.827665,0.168411,1.183424,509
100_04_pleven,04-01-2010,2.807540,0.683850,107.000000,0.851016,0.139005,1.360674,628
100_04_pleven,05-01-2010,3.298341,0.683990,109.000000,0.707763,0.285783,1.735849,711
100_04_pleven,06-01-2010,3.210244,0.724110,107.000000,0.749339,0.242833,1.495098,713
100_04_pleven,07-01-2010,3.478441,0.695544,102.000000,0.702855,0.293214,1.555423,568
100_04_pleven,07-01-2011,4.438505,0.813810,83.000000,0.676441,0.320580,0.948960,355
100_04_pleven,08-01-2010,3.367663,0.740742,101.000000,0.607003,0.384360,1.051020,319
100_04_pleven,08-01-2011,4.290065,0.807706,88.000000,0.704172,0.280453,1.013857,307
100_04_pleven,09-01-2010,3.179720,0.764399,101.000000,0.812083,0.182571,1.076087,403
100_04_pleven,09-01-2011,5.122755,0.809939,86.000000,0.890092,0.091888,1.736111,306
100_04_pleven,10-01-2010,2.936919,0.755361,102.000000,0.826293,0.154217,0.938193,468
100_04_pleven,11-01-2010,3.555056,0.804638,97.000000,0.846749,0.148826,1.213166,468
100_04_pleven,12-01-2010,3.494781,0.802828,95.000000,0.771278,0.215462,0.901734,503
100_04_veliko-tarnovo,01-01-2011,2.400321,0.626072,99.000000,0.884769,0.101543,0.895973,634
100_04_veliko-tarnovo,02-01-2010,3.381848,0.721182,81.000000,0.883329,0.100384,1.509317,220
100_04_veliko-tarnovo,02-01-2011,2.791760,0.665167,90.000000,0.856354,0.138383,0.861272,623
100_04_veliko-tarnovo,03-01-2010,3.201810,0.787521,96.000000,0.718489,0.276637,0.935961,391
100_04_veliko-tarnovo,03-01-2011,3.097051,0.723829,86.000000,0.904110,0.089689,0.757932,621
100_04_veliko-tarnovo,04-01-2010,2.970574,0.720692,99.500000,0.698477,0.297631,0.994828,753
100_04_veliko-tarnovo,05-01-2010,3.276235,0.679107,105.000000,0.551251,0.443910,1.238411,746
100_04_veliko-tarnovo,06-01-2010,2.950622,0.643651,108.000000,0.766687,0.227736,1.482792,692
100_04_veliko-tarnovo,07-01-2010,2.999996,0.675466,107.000000,0.791419,0.202673,1.382958,659
100_04_veliko-tarnovo,07-01-2011,4.717450,0.758218,82.000000,0.867576,0.116626,1.368992,469
100_04_veliko-tarnovo,08-01-2010,2.753787,0.643870,106.000000,0.659311,0.335857,0.964230,406
100_04_veliko-tarnovo,08-01-2011,3.921199,0.725208,87.000000,0.887200,0.100326,1.162791,483
100_04_veliko-tarnovo,09-01-2010,2.641542,0.629912,104.000000,0.515088,0.477981,0.611940,415
100_04_veliko-tarnovo,09-01-2011,4.586545,0.785451,85.000000,0.819629,0.168022,1.063228,431
100_04_veliko-tarnovo,10-01-2010,2.456658,0.588902,111.000000,0.650564,0.343027,0.526738,476
100_04_veliko-tarnovo,11-01-2010,2.819562,0.616022,102.000000,0.811748,0.183746,0.976808,492
100_04_veliko-tarnovo,12-01-2010,2.395060,0.669920,99.000000,0.873561,0.120696,0.930716,590
100_05_montana,03-01-2011,,1.003004,69.000000,0.668838,0.320692,0.363281,
100_05_montana,12-01-2010,,1.287346,,,,,
100_05_vidin,01-01-2011,3.135721,1.246739,98.000000,0.925759,0.064705,0.791667,200
100_05_vidin,02-01-2011,,1.405616,92.000000,0.953736,0.033813,1.820513,
100_05_vidin,03-01-2011,4.172905,1.286301,83.000000,0.942806,0.042448,1.639831,203
100_05_vidin,04-01-2010,3.504418,1.528310,84.000000,0.834020,0.160740,0.755700,236
100_05_vidin,05-01-2010,3.861157,1.688748,85.000000,0.875047,0.113675,1.704485,304
100_05_vidin,06-01-2010,3.445619,1.367030,86.000000,0.820269,0.170737,1.421405,235
100_05_vidin,07-01-2010,,1.407753,87.000000,0.866273,0.110691,1.051282,
100_05_vidin,10-01-2010,,1.809200,,,,,
100_05_vidin,11-01-2010,2.781069,1.486305,80.000000,0.979944,0.012861,1.356618,236
100_05_vidin,12-01-2010,2.474170,1.246142,99.000000,0.964206,0.027107,1.100806,213
100_05_vratsa,01-01-2011,2.111644,0.779736,99.000000,0.655783,0.340660,0.763107,341
100_05_vratsa,02-01-2010,,0.633440,,,,,
100_05_vratsa,02-01-2011,2.107143,0.793499,89.000000,0.599507,0.396061,0.765743,263
100_05_vratsa,03-01-2010,,0.629953,93.000000,0.490069,0.505414,1.642173,
100_05_vratsa,03-01-2011,3.226829,0.774206,86.000000,0.529628,0.466142,0.872247,288
100_05_vratsa,04-01-2010,2.870778,0.596336,106.000000,0.370650,0.625310,1.235119,390
100_05_vratsa,05-01-2010,2.837182,0.634208,106.000000,0.488498,0.507617,1.901907,444
100_05_vratsa,06-01-2010,2.838674,0.643543,112.000000,0.405961,0.577616,1.660991,372
100_05_vratsa,07-01-2010,2.984560,0.683864,105.000000,0.542133,0.452566,1.568067,367
100_05_vratsa,07-01-2011,4.792358,0.788675,80.000000,0.683803,0.310789,1.646724,239
100_05_vratsa,08-01-2010,,0.666070,108.000000,0.171058,0.815792,0.914089,
100_05_vratsa,08-01-2011,,0.753157,86.000000,0.594108,0.402099,1.125954,
100_05_vratsa,09-01-2010,,0.699919,115.000000,0.204446,0.787747,1.265363,
100_05_vratsa,09-01-2011,,0.808142,84.000000,0.600506,0.392849,1.270270,
100_05_vratsa,10-01-2010,2.777659,0.723792,112.500000,0.191095,0.792578,1.030905,246
100_05_vratsa,11-01-2010,2.476931,0.734658,115.000000,0.355274,0.640829,0.822660,246
100_05_vratsa,12-01-2010,2.183519,0.723160,101.000000,0.654017,0.341141,1.246032,341
100_06_karlovo,04-01-2010,,0.123253,150.000000,0.693138,0.292368,0.983193,
100_06_karlovo,05-01-2010,,0.161359,,,,,
100_06_karlovo,06-01-2010,,0.164889,139.000000,0.455312,0.538897,0.928251,
100_06_karlovo,07-01-2010,,0.095758,138.000000,0.384742,0.609312,1.067511,
100_06_karlovo,08-01-2010,,0.180770,148.000000,0.546908,0.431986,0.671429,
100_06_karlovo,09-01-2010,,0.116447,,,,,
100_06_plovdiv,01-01-2010,,0.637564,,,,,
100_06_plovdiv,01-01-2011,3.137922,0.723082,94.000000,0.617912,0.374794,0.785047,2041
100_06_plovdiv,02-01-2010,3.692927,0.683821,79.000000,0.651497,0.341732,1.293057,690
100_06_plovdiv,02-01-2011,4.023654,0.770399,86.000000,0.530281,0.463420,0.877690,1807
100_06_plovdiv,03-01-2010,3.513220,0.666160,91.000000,0.572495,0.422673,1.417480,1260
100_06_plovdiv,03-01-2011,4.496933,0.821398,82.000000,0.567805,0.421228,0.960835,1770
100_06_plovdiv,04-01-2010,3.625800,0.676634,98.000000,0.495547,0.497554,1.415973,2259
100_06_plovdiv,05-01-2010,3.794935,0.692181,100.000000,0.532249,0.461660,1.825315,2310
100_06_plovdiv,06-01-2010,3.658140,0.712299,108.000000,0.597280,0.396049,1.774696,2142
100_06_plovdiv,07-01-2010,3.384563,0.739997,107.000000,0.544210,0.446893,1.472858,1876
100_06_plovdiv,07-01-2011,4.707300,1.203902,81.000000,0.605876,0.389109,1.310595,1354
100_06_plovdiv,08-01-2010,3.119989,0.710713,105.000000,0.372548,0.622978,0.885040,1140
100_06_plovdiv,08-01-2011,4.108287,1.206539,86.000000,0.732668,0.258448,1.166050,1299
100_06_plovdiv,09-01-2010,3.090655,0.716058,104.000000,0.545343,0.451059,0.845255,1311
100_06_plovdiv,09-01-2011,4.391244,1.285140,82.000000,0.616616,0.378692,1.271795,1303
100_06_plovdiv,10-01-2010,2.731901,0.764430,99.000000,0.563803,0.428849,0.792742,1686
100_06_plovdiv,11-01-2010,3.183387,0.773880,96.000000,0.474919,0.519248,0.900838,1701
100_06_plovdiv,12-01-2010,3.402894,0.798487,94.000000,0.518974,0.475123,0.845375,1746
100_07_razgrad,01-01-2011,2.443216,0.620834,101.500000,0.912679,0.066057,0.687500,230
100_07_razgrad,02-01-2011,,0.681329,94.000000,0.822469,0.169449,0.524590,
100_07_razgrad,03-01-2011,,0.682930,93.000000,0.574563,0.420981,0.325926,
100_07_razgrad,04-01-2010,2.448338,0.562942,115.000000,0.872940,0.118488,0.985765,217
100_07_razgrad,05-01-2010,2.373123,0.595727,123.000000,0.765363,0.229183,1.000000,212
100_07_razgrad,06-01-2010,2.709899,0.634359,118.000000,0.668389,0.320168,1.562500,205
100_07_razgrad,07-01-2010,1.948268,0.588034,115.000000,0.796076,0.200600,1.516014,203
100_07_razgrad,08-01-2010,,0.615098,,,,,
100_07_razgrad,10-01-2010,,0.621624,116.000000,0.803145,0.192404,0.822878,
100_07_razgrad,11-01-2010,,0.643392,109.000000,0.875289,0.117884,0.833977,
100_07_razgrad,12-01-2010,2.623519,0.683544,102.000000,0.900845,0.092697,0.985663,216
100_07_ruse,01-01-2010,,0.684452,,,,,
100_07_ruse,01-01-2011,2.486165,1.335040,109.000000,0.830940,0.159347,0.852231,999
100_07_ruse,02-01-2010,3.938240,0.736227,75.000000,0.853014,0.126178,1.528846,399
100_07_ruse,02-01-2011,3.440147,1.426965,97.000000,0.719843,0.271475,1.048885,795
100_07_ruse,03-01-2010,3.103476,0.965605,104.000000,0.788805,0.206938,1.265925,720
100_07_ruse,03-01-2011,3.799549,1.849794,91.000000,0.635909,0.354534,1.052196,811
100_07_ruse,04-01-2010,2.745886,1.247208,106.000000,0.791098,0.201450,1.301843,1283
100_07_ruse,05-01-2010,2.930409,1.206101,108.000000,0.747389,0.246998,1.392324,1334
100_07_ruse,06-01-2010,3.004879,1.125477,104.000000,0.814850,0.180637,1.502436,1219
100_07_ruse,07-01-2010,2.989593,1.045447,101.000000,0.827429,0.166746,1.424435,1055
100_07_ruse,07-01-2011,4.310623,1.809337,91.000000,0.776823,0.217207,1.103219,640
100_07_ruse,08-01-2010,2.982134,1.166636,115.000000,0.586372,0.405544,0.976369,583
100_07_ruse,08-01-2011,3.647752,1.849328,94.000000,0.689726,0.306332,0.956688,534
100_07_ruse,09-01-2010,2.712176,1.054172,114.000000,0.642730,0.352482,0.672867,609
100_07_ruse,09-01-2011,4.251937,1.930485,91.000000,0.780111,0.210299,1.256595,593
100_07_ruse,10-01-2010,2.778331,1.126037,113.000000,0.618159,0.377427,0.810545,740
100_07_ruse,11-01-2010,3.061913,1.448189,106.000000,0.715700,0.278738,0.976744,816
100_07_ruse,12-01-2010,2.868322,1.206776,98.000000,0.758556,0.236347,0.819576,966
100_07_silistra,01-01-2011,,0.613665,101.500000,0.764052,0.231547,1.212389,
100_07_silistra,02-01-2011,,0.700136,92.000000,0.840333,0.156217,0.708155,
100_07_silistra,03-01-2010,,0.713444,94.500000,0.915758,0.068424,1.654618,
100_07_silistra,03-01-2011,,0.639509,92.000000,0.280903,0.714337,0.366812,
100_07_silistra,04-01-2010,2.966697,0.603330,115.000000,0.820780,0.167387,1.535533,281
100_07_silistra,05-01-2010,2.789614,0.636931,126.000000,0.790497,0.202302,1.571765,308
100_07_silistra,06-01-2010,2.692732,0.632486,118.000000,0.683646,0.306972,1.105413,241
100_07_silistra,07-01-2010,2.553335,0.609686,116.000000,0.814769,0.175625,1.240997,265
100_07_silistra,07-01-2011,,0.643249,,,,,
100_07_silistra,08-01-2010,,0.625463,117.000000,0.650346,0.324154,1.014085,
100_07_silistra,11-01-2010,,0.562784,121.000000,0.893589,0.098823,0.609524,
100_07_silistra,12-01-2010,,0.640653,103.000000,0.633862,0.363159,0.855422,
100_07_turgovishte,01-01-2011,2.396222,0.619189,98.000000,0.806737,0.186774,0.994166,645
100_07_turgovishte,02-01-2010,,0.482688,79.000000,0.853174,0.139836,1.456140,
100_07_turgovishte,02-01-2011,2.560523,0.603362,89.000000,0.865309,0.110194,1.060000,581
100_07_turgovishte,03-01-2010,1.814471,0.558707,96.000000,0.705369,0.290449,1.224762,329
100_07_turgovishte,03-01-2011,2.608017,0.679133,88.000000,0.815835,0.179707,0.728070,507
100_07_turgovishte,04-01-2010,2.289504,0.566816,110.000000,0.610057,0.382272,1.019462,671
100_07_turgovishte,05-01-2010,2.626232,0.593583,109.000000,0.585529,0.407379,1.494975,760
100_07_turgovishte,06-01-2010,2.730288,0.579551,109.000000,0.590552,0.400485,1.284360,680
100_07_turgovishte,07-01-2010,2.788573,0.615114,109.000000,0.666377,0.327458,1.227017,687
100_07_turgovishte,07-01-2011,3.087544,0.769542,86.000000,0.841907,0.150482,1.382022,416
100_07_turgovishte,08-01-2010,2.672407,0.683354,104.000000,0.625032,0.350013,1.122542,424
100_07_turgovishte,08-01-2011,2.747963,0.724043,92.000000,0.835500,0.160219,1.070175,403
100_07_turgovishte,09-01-2010,2.416995,0.688587,106.000000,0.839149,0.154123,0.983845,442
100_07_turgovishte,09-01-2011,2.962498,0.830747,86.000000,0.886519,0.108481,1.461207,341
100_07_turgovishte,10-01-2010,2.283352,0.643009,103.000000,0.728700,0.254485,0.673051,503
100_07_turgovishte,11-01-2010,2.393516,0.670897,100.000000,0.550139,0.434150,0.700405,475
100_07_turgovishte,12-01-2010,2.418347,0.672298,97.000000,0.786841,0.203826,0.900302,463
100_08_pernik,01-01-2011,,0.764523,,,,,
100_08_pernik,04-01-2010,,0.764235,97.000000,0.838972,0.154526,1.848624,
100_08_pernik,05-01-2010,,0.753425,94.000000,0.818126,0.159045,1.635135,
100_08_pernik,06-01-2010,,0.763971,95.000000,0.874347,0.100534,1.933054,
100_08_pernik,07-01-2010,,0.763973,91.000000,0.849023,0.137716,1.863636,
100_08_pernik,10-01-2010,,0.871767,86.000000,0.595022,0.398340,0.920792,
100_09_dimitrovgrad,01-01-2011,3.410021,1.363888,85.000000,0.699113,0.288328,1.003356,210
100_09_dimitrovgrad,03-01-2010,,0.884644,65.000000,0.553814,0.439773,1.282609,
100_09_dimitrovgrad,03-01-2011,,2.089401,82.000000,0.938853,0.048565,0.556054,
100_09_dimitrovgrad,04-01-2010,2.523234,0.793450,88.000000,0.635060,0.361196,0.839763,231
100_09_dimitrovgrad,05-01-2010,2.462334,1.005772,94.000000,0.777499,0.211240,1.119910,310
100_09_dimitrovgrad,06-01-2010,2.689612,1.085608,94.000000,0.788086,0.207861,1.298329,294
100_09_dimitrovgrad,07-01-2010,2.144151,1.085960,100.000000,0.784597,0.209999,1.019663,248
100_09_dimitrovgrad,07-01-2011,,2.653782,,,,,
100_09_dimitrovgrad,08-01-2010,,1.126308,95.000000,0.817888,0.174539,0.819742,
100_09_dimitrovgrad,09-01-2010,,1.327019,95.000000,0.654841,0.341443,0.295964,
100_09_dimitrovgrad,10-01-2010,2.170298,1.326368,91.000000,0.863203,0.129739,0.820423,207
100_09_dimitrovgrad,11-01-2010,,1.567662,90.000000,0.753806,0.231022,0.781116,
100_09_dimitrovgrad,12-01-2010,,1.446848,85.000000,0.719573,0.277018,0.701245,
100_09_haskovo,01-01-2011,2.223634,0.809549,91.000000,0.885413,0.103519,0.815029,350
100_09_haskovo,02-01-2010,,0.643186,83.000000,0.833712,0.161599,0.466346,
100_09_haskovo,02-01-2011,2.498554,0.754281,90.000000,0.925558,0.066767,0.913607,339
100_09_haskovo,03-01-2010,,0.647474,90.000000,0.586192,0.401143,1.172185,
100_09_haskovo,03-01-2011,2.995792,1.265717,82.000000,0.823058,0.161190,0.647658,331
100_09_haskovo,04-01-2010,3.033810,0.711176,93.000000,0.774130,0.214197,1.504039,420
100_09_haskovo,05-01-2010,2.817288,0.722281,93.000000,0.748983,0.241148,1.421053,499
100_09_haskovo,06-01-2010,2.804828,0.753457,105.000000,0.895068,0.096570,1.594326,485
100_09_haskovo,07-01-2010,2.588156,0.924702,104.000000,0.735754,0.252147,1.090343,443
100_09_haskovo,07-01-2011,4.306351,2.050429,80.000000,0.813058,0.176960,1.174840,332
100_09_haskovo,08-01-2010,2.829363,0.876394,100.000000,0.254386,0.742362,0.766917,219
100_09_haskovo,08-01-2011,3.615969,1.003806,88.000000,0.804422,0.166699,1.155425,235
100_09_haskovo,09-01-2010,3.046929,0.723679,102.000000,0.534588,0.460295,0.730769,279
100_09_haskovo,09-01-2011,3.633277,1.046118,85.000000,0.680833,0.314118,0.850498,204
100_09_haskovo,10-01-2010,2.857962,0.642891,109.000000,0.528156,0.461938,0.557851,299
100_09_haskovo,11-01-2010,2.151532,0.676499,106.500000,0.760451,0.222276,0.317778,309
100_09_haskovo,12-01-2010,2.602436,0.698387,98.000000,0.653593,0.340773,0.776596,295
100_09_kardzali,01-01-2011,,1.206359,,,,,
100_09_kardzali,02-01-2011,,1.487438,,,,,
100_09_kardzali,03-01-2011,,1.566909,83.000000,0.931020,0.062215,1.015000,
100_09_kardzali,04-01-2010,,1.207063,108.000000,0.558108,0.435459,0.586498,
100_09_kardzali,05-01-2010,,1.407603,93.000000,0.340165,0.654870,0.670996,
100_09_kardzali,06-01-2010,,1.446931,102.500000,0.617225,0.378663,1.339130,
100_09_kardzali,07-01-2010,,1.870651,100.000000,0.540783,0.453464,1.276978,
100_09_kardzali,10-01-2010,,1.246007,,,,,
100_09_kardzali,12-01-2010,,1.628561,,,,,
100_09_kazanluk,01-01-2011,2.675698,0.803889,101.000000,0.883835,0.104553,1.080460,201
100_09_kazanluk,04-01-2010,,0.643643,119.000000,0.762065,0.232383,1.463878,
100_09_kazanluk,05-01-2010,,0.587588,119.000000,0.829801,0.165287,1.854839,
100_09_kazanluk,06-01-2010,,0.755792,113.000000,0.870455,0.112561,1.592742,
100_09_kazanluk,07-01-2010,,0.643741,107.000000,0.897780,0.095383,1.087866,
100_09_kazanluk,09-01-2010,,0.374057,102.000000,0.609783,0.386263,0.454955,
100_09_kazanluk,10-01-2010,,0.388441,89.000000,0.293203,0.702992,0.412844,
100_09_kazanluk,11-01-2010,,0.579255,85.000000,0.249878,0.746259,0.777439,
100_09_kazanluk,12-01-2010,,0.684098,102.000000,0.634237,0.361906,0.873684,
100_09_stara-zagora,01-01-2011,2.967261,0.759355,92.000000,0.675284,0.318231,1.140766,565
100_09_stara-zagora,02-01-2010,2.953205,0.628863,78.000000,0.802408,0.192900,1.489071,262
100_09_stara-zagora,02-01-2011,4.567618,0.769931,86.000000,0.637322,0.351782,1.255528,509
100_09_stara-zagora,03-01-2010,3.720760,0.632048,97.000000,0.629740,0.364238,1.852991,350
100_09_stara-zagora,03-01-2011,5.411869,0.764719,83.000000,0.485027,0.510849,1.163577,538
100_09_stara-zagora,04-01-2010,3.411344,0.619355,109.000000,0.519397,0.470982,1.541702,690
100_09_stara-zagora,05-01-2010,3.320982,0.622775,112.000000,0.599285,0.395116,1.540116,721
100_09_stara-zagora,06-01-2010,3.367818,0.671383,113.000000,0.702831,0.285987,1.809222,695
100_09_stara-zagora,07-01-2010,3.248232,0.684822,111.000000,0.523356,0.471522,1.482824,639
100_09_stara-zagora,07-01-2011,5.394053,1.322004,80.000000,0.398694,0.583295,1.584718,360
100_09_stara-zagora,08-01-2010,3.641855,0.677856,109.000000,0.579434,0.413984,1.219937,400
100_09_stara-zagora,08-01-2011,4.803913,0.823891,85.000000,0.544788,0.448049,1.469900,378
100_09_stara-zagora,09-01-2010,3.711024,0.698097,114.000000,0.566452,0.430288,1.422665,397
100_09_stara-zagora,09-01-2011,4.986611,0.818560,82.000000,0.718876,0.271958,1.472696,387
100_09_stara-zagora,10-01-2010,3.799425,0.682024,112.000000,0.213193,0.782478,0.993190,492
100_09_stara-zagora,11-01-2010,3.506528,0.738359,98.000000,0.338649,0.656987,0.971250,479
100_09_stara-zagora,12-01-2010,3.974593,0.744952,101.000000,0.377831,0.615582,1.130793,569
124_ab_calgary,01-01-2010,5.523854,0.408842,72.000000,0.743795,0.252781,2.256338,221
124_ab_calgary,01-01-2011,4.841397,0.425729,66.000000,0.914357,0.072746,2.306553,3216
124_ab_calgary,02-01-2010,5.405483,0.417819,72.000000,0.844472,0.146185,2.902763,2936
124_ab_calgary,02-01-2011,5.013062,0.446526,64.000000,0.912885,0.073493,2.308341,3255
124_ab_calgary,03-01-2010,5.912636,0.436533,72.000000,0.799855,0.191773,2.734119,4350
124_ab_calgary,03-01-2011,5.995461,0.454953,53.000000,0.914374,0.073064,2.429795,3348
124_ab_calgary,04-01-2010,5.596448,0.414392,68.000000,0.819091,0.169015,2.817507,4050
124_ab_calgary,05-01-2010,6.060031,0.410426,69.000000,0.830536,0.158810,2.871036,4160
124_ab_calgary,06-01-2010,5.706450,0.410428,71.000000,0.848658,0.144197,3.018255,3386
124_ab_calgary,07-01-2010,6.362291,0.411345,67.000000,0.838655,0.149736,2.893389,2908
124_ab_calgary,07-01-2011,5.868344,0.541723,70.000000,0.922454,0.063489,2.502109,2792
124_ab_calgary,08-01-2010,4.602266,0.400169,73.000000,0.883116,0.102990,2.146780,5448
124_ab_calgary,08-01-2011,5.861704,0.561051,60.000000,0.931468,0.048158,2.596711,1998
124_ab_calgary,09-01-2010,4.237669,0.385303,73.000000,0.915212,0.070876,2.321808,5787
124_ab_calgary,09-01-2011,5.412423,0.627606,84.000000,0.928034,0.059470,2.611178,1782
124_ab_calgary,10-01-2010,4.533942,0.413956,84.000000,0.882121,0.105750,2.178403,4048
124_ab_calgary,11-01-2010,4.747691,0.465661,70.000000,0.885100,0.104305,2.210850,3943
124_ab_calgary,12-01-2010,5.270768,0.412290,55.000000,0.913218,0.074102,2.484695,3827
124_ab_edmonton,01-01-2010,,0.402400,96.500000,0.757981,0.238187,2.099688,
124_ab_edmonton,01-01-2011,2.787485,0.407521,91.000000,0.900840,0.082195,2.409840,2886
124_ab_edmonton,02-01-2010,4.223555,0.402170,80.000000,0.800225,0.186948,2.747526,2348
124_ab_edmonton,02-01-2011,3.413966,0.408355,94.000000,0.887662,0.096088,2.402697,3115
124_ab_edmonton,03-01-2010,3.893665,0.390206,85.000000,0.713612,0.279448,2.581263,3554
124_ab_edmonton,03-01-2011,3.850997,0.441211,91.000000,0.881767,0.102409,2.480489,3348
124_ab_edmonton,04-01-2010,4.019249,0.398626,93.000000,0.750026,0.239345,2.770381,3190
124_ab_edmonton,05-01-2010,4.245850,0.388437,92.000000,0.712117,0.275719,2.726150,3129
124_ab_edmonton,06-01-2010,4.541217,0.399776,81.000000,0.807659,0.183661,2.967624,2585
124_ab_edmonton,07-01-2010,4.389803,0.402207,83.000000,0.783578,0.205454,2.793891,2307
124_ab_edmonton,07-01-2011,3.318605,0.520278,103.000000,0.914751,0.066327,2.795165,2717
124_ab_edmonton,08-01-2010,3.732099,0.392591,78.000000,0.870654,0.114968,2.178098,4850
124_ab_edmonton,08-01-2011,4.311907,0.542177,94.000000,0.877374,0.098860,2.691608,1660
124_ab_edmonton,09-01-2010,3.416886,0.391039,87.000000,0.876163,0.109669,2.263943,5031
124_ab_edmonton,09-01-2011,4.260195,0.598261,95.000000,0.916299,0.069235,2.719965,1608
124_ab_edmonton,10-01-2010,3.459879,0.396492,86.000000,0.853548,0.132146,2.261455,3697
124_ab_edmonton,11-01-2010,3.326775,0.403366,87.000000,0.866001,0.122182,2.366433,3631
124_ab_edmonton,12-01-2010,3.188650,0.406600,89.000000,0.900744,0.084420,2.618461,3624
124_ab_ft-mcmurray,01-01-2011,4.189045,0.342113,92.000000,0.953773,0.033692,2.756098,229
124_ab_ft-mcmurray,02-01-2010,,0.398525,85.000000,0.866376,0.123440,3.114173,
124_ab_ft-mcmurray,02-01-2011,3.758715,0.312083,94.000000,0.936184,0.054115,2.375817,222
124_ab_ft-mcmurray,03-01-2010,4.428493,0.333460,89.000000,0.763413,0.230852,2.625000,233
124_ab_ft-mcmurray,03-01-2011,4.279520,0.397657,93.000000,0.946729,0.041252,2.663158,242
124_ab_ft-mcmurray,04-01-2010,5.793953,0.389424,91.000000,0.874932,0.115842,2.997015,235
124_ab_ft-mcmurray,05-01-2010,5.883247,0.367710,92.000000,0.835839,0.157501,2.904639,254
124_ab_ft-mcmurray,06-01-2010,,0.376866,80.000000,0.793452,0.202785,2.694323,
124_ab_ft-mcmurray,07-01-2010,,0.364213,73.000000,0.861604,0.132103,2.848837,
124_ab_ft-mcmurray,07-01-2011,3.934317,0.460437,97.000000,0.962920,0.022219,2.704641,207
124_ab_ft-mcmurray,08-01-2010,4.651297,0.350867,74.000000,0.916023,0.068984,2.458427,327
124_ab_ft-mcmurray,09-01-2010,4.505192,0.330775,75.000000,0.904933,0.084445,2.223529,395
124_ab_ft-mcmurray,10-01-2010,3.998484,0.280398,78.000000,0.894883,0.096073,2.223926,236
124_ab_ft-mcmurray,11-01-2010,4.841968,0.375207,85.000000,0.924755,0.065398,2.829787,243
124_ab_ft-mcmurray,12-01-2010,3.789339,0.397761,91.000000,0.945692,0.043257,2.735669,245
124_ab_grande-prairie,01-01-2011,1.811524,0.524549,112.000000,0.930454,0.054838,2.384393,299
124_ab_grande-prairie,02-01-2010,2.163410,0.496406,126.000000,0.711540,0.274825,2.603896,206
124_ab_grande-prairie,02-01-2011,2.051653,0.532848,116.000000,0.911648,0.073054,2.742706,313
124_ab_grande-prairie,03-01-2010,2.148574,0.491708,127.000000,0.797343,0.190719,3.081996,419
124_ab_grande-prairie,03-01-2011,2.005408,0.532108,118.000000,0.900947,0.074370,2.742188,326
124_ab_grande-prairie,04-01-2010,2.180429,0.508925,126.000000,0.785313,0.201489,2.740891,330
124_ab_grande-prairie,05-01-2010,2.253767,0.511968,127.000000,0.766238,0.228914,2.707589,310
124_ab_grande-prairie,06-01-2010,2.273249,0.500767,128.000000,0.699675,0.294308,3.323288,250
124_ab_grande-prairie,07-01-2010,,0.513377,128.000000,0.672511,0.319175,2.892734,
124_ab_grande-prairie,07-01-2011,2.265595,0.517743,140.000000,0.853902,0.131420,2.705722,284
124_ab_grande-prairie,08-01-2010,1.943718,0.494185,128.000000,0.793037,0.200288,2.207297,427
124_ab_grande-prairie,08-01-2011,,0.455903,138.000000,0.882767,0.107043,2.465753,
124_ab_grande-prairie,09-01-2010,1.641391,0.457735,128.000000,0.839443,0.141127,2.509653,369
124_ab_grande-prairie,09-01-2011,,0.501160,136.000000,0.913785,0.075223,2.880851,
124_ab_grande-prairie,10-01-2010,1.878867,0.497914,119.000000,0.841624,0.147539,2.459207,322
124_ab_grande-prairie,11-01-2010,2.114988,0.459596,114.000000,0.862865,0.118590,2.379147,316
124_ab_grande-prairie,12-01-2010,2.287095,0.487117,101.000000,0.873176,0.115327,2.472081,297
124_ab_lethbridge,01-01-2011,4.006722,0.459528,72.000000,0.899488,0.088945,2.287154,300
124_ab_lethbridge,02-01-2010,4.198487,0.406511,81.000000,0.725113,0.265532,2.685990,254
124_ab_lethbridge,02-01-2011,3.958909,0.484413,72.000000,0.890311,0.096407,2.672986,323
124_ab_lethbridge,03-01-2010,3.462714,0.402281,85.000000,0.725480,0.266526,2.877451,377
124_ab_lethbridge,03-01-2011,4.716967,0.489210,73.000000,0.906386,0.075897,2.515326,395
124_ab_lethbridge,04-01-2010,3.894137,0.411182,101.000000,0.704821,0.276532,2.474465,371
124_ab_lethbridge,05-01-2010,4.245356,0.407861,78.000000,0.688509,0.306229,2.645221,333
124_ab_lethbridge,06-01-2010,4.082642,0.409469,104.000000,0.755430,0.233750,3.072144,324
124_ab_lethbridge,07-01-2010,3.907754,0.410775,94.000000,0.857641,0.134835,2.931217,259
124_ab_lethbridge,07-01-2011,4.822176,0.583258,104.000000,0.842086,0.137935,2.943038,215
124_ab_lethbridge,08-01-2010,3.723660,0.402071,93.500000,0.843581,0.147199,2.143617,510
124_ab_lethbridge,08-01-2011,,0.500728,87.000000,0.817668,0.147713,2.755274,
124_ab_lethbridge,09-01-2010,3.379543,0.377601,85.000000,0.865815,0.118535,2.139089,611
124_ab_lethbridge,09-01-2011,,0.538439,92.000000,0.922706,0.064026,3.114625,
124_ab_lethbridge,10-01-2010,3.800147,0.402057,92.000000,0.843554,0.143266,2.461938,408
124_ab_lethbridge,11-01-2010,3.843411,0.407924,74.500000,0.862659,0.126971,2.218589,433
124_ab_lethbridge,12-01-2010,3.896731,0.429836,64.000000,0.891312,0.096589,2.516917,392
124_ab_medicine-hat,01-01-2011,,0.413341,83.000000,0.859925,0.131271,2.207746,
124_ab_medicine-hat,02-01-2011,3.971751,0.480791,75.000000,0.872923,0.115888,3.089109,210
124_ab_medicine-hat,03-01-2010,,0.416739,106.000000,0.680753,0.314973,2.475655,
124_ab_medicine-hat,03-01-2011,4.363117,0.481249,74.000000,0.887449,0.101923,2.270000,220
124_ab_medicine-hat,04-01-2010,5.010031,0.431996,88.500000,0.762967,0.213454,2.717617,231
124_ab_medicine-hat,05-01-2010,5.521717,0.413761,77.000000,0.862465,0.123355,2.991404,223
124_ab_medicine-hat,06-01-2010,,0.410572,79.000000,0.672450,0.305047,3.136187,
124_ab_medicine-hat,07-01-2010,,0.413874,95.000000,0.508044,0.488533,2.761702,
124_ab_medicine-hat,07-01-2011,,0.534413,101.000000,0.740135,0.253716,2.371981,
124_ab_medicine-hat,08-01-2010,3.421132,0.400537,104.000000,0.740915,0.251436,2.209026,259
124_ab_medicine-hat,09-01-2010,2.753913,0.398648,106.000000,0.852456,0.134635,2.239351,343
124_ab_medicine-hat,10-01-2010,3.730174,0.413957,92.000000,0.866393,0.109009,2.406433,247
124_ab_medicine-hat,11-01-2010,3.362486,0.419353,86.000000,0.859874,0.132761,2.222552,224
124_ab_medicine-hat,12-01-2010,3.798746,0.407538,74.000000,0.841068,0.142677,2.542029,231
124_ab_okotoks,08-01-2010,,0.107545,,,,,
124_ab_okotoks,09-01-2010,,0.087850,,,,,
124_ab_red-deer,01-01-2011,3.193275,0.405284,82.000000,0.934349,0.051991,2.403114,483
124_ab_red-deer,02-01-2010,3.272562,0.408362,83.000000,0.870525,0.122297,2.967466,414
124_ab_red-deer,02-01-2011,4.040476,0.410473,72.000000,0.929340,0.059144,2.618705,429
124_ab_red-deer,03-01-2010,3.859023,0.408836,78.000000,0.813680,0.173840,2.856663,609
124_ab_red-deer,03-01-2011,4.475745,0.416347,65.000000,0.885709,0.089796,2.540717,447
124_ab_red-deer,04-01-2010,4.042556,0.409939,78.000000,0.852830,0.137171,2.710369,582
124_ab_red-deer,05-01-2010,4.191932,0.405781,75.000000,0.830071,0.157476,2.731308,565
124_ab_red-deer,06-01-2010,3.862285,0.409628,76.000000,0.886974,0.100644,3.204978,496
124_ab_red-deer,07-01-2010,4.166883,0.408732,72.000000,0.846158,0.136997,2.919328,403
124_ab_red-deer,07-01-2011,4.230196,0.470820,84.000000,0.821234,0.165285,2.570577,343
124_ab_red-deer,08-01-2010,3.047216,0.395940,85.000000,0.875444,0.111629,1.933036,643
124_ab_red-deer,08-01-2011,3.605435,0.432236,81.000000,0.816929,0.145335,2.361963,216
124_ab_red-deer,09-01-2010,3.147443,0.380625,79.000000,0.912064,0.074392,2.348503,656
124_ab_red-deer,09-01-2011,4.699803,0.530694,87.000000,0.868976,0.099617,2.413115,210
124_ab_red-deer,10-01-2010,3.658701,0.408619,88.000000,0.908089,0.079215,2.592790,608
124_ab_red-deer,11-01-2010,2.980104,0.407140,87.000000,0.869492,0.116909,2.283892,468
124_ab_red-deer,12-01-2010,3.586372,0.409162,80.000000,0.937326,0.049831,2.818722,547
124_ab_sherwood-park,01-01-2011,,0.348969,,,,,
124_ab_sherwood-park,02-01-2010,,0.406619,89.000000,0.909663,0.080029,3.144231,
124_ab_sherwood-park,02-01-2011,,0.351176,88.000000,0.941046,0.051730,2.930612,
124_ab_sherwood-park,03-01-2010,5.859309,0.363813,75.000000,0.877580,0.110976,3.000000,260
124_ab_sherwood-park,03-01-2011,,0.345994,88.000000,0.933042,0.057908,2.525292,
124_ab_sherwood-park,04-01-2010,,0.386802,73.500000,0.863274,0.129390,2.941606,
124_ab_sherwood-park,05-01-2010,,0.369270,90.000000,0.879373,0.114646,2.791209,
124_ab_sherwood-park,06-01-2010,,0.391609,74.000000,0.816958,0.178134,3.190244,
124_ab_sherwood-park,07-01-2010,,0.391026,,,,,
124_ab_sherwood-park,07-01-2011,,0.402580,80.000000,0.954812,0.029584,2.770000,
124_ab_sherwood-park,08-01-2010,5.102285,0.376290,70.000000,0.930951,0.062844,2.343164,291
124_ab_sherwood-park,09-01-2010,6.137717,0.364582,70.000000,0.940184,0.048851,2.642298,287
124_ab_sherwood-park,10-01-2010,4.678581,0.359604,71.000000,0.918325,0.075276,2.226230,224
124_ab_sherwood-park,11-01-2010,,0.374496,79.000000,0.911881,0.068012,2.468750,
124_ab_sherwood-park,12-01-2010,4.342733,0.388106,87.000000,0.945906,0.045437,3.086505,218
124_ab_st-albert,03-01-2010,,0.167663,,,,,
124_ab_st-albert,04-01-2010,,0.194132,,,,,
124_ab_st-albert,05-01-2010,,0.180715,,,,,
124_ab_st-albert,06-01-2010,,0.219849,,,,,
124_ab_st-albert,08-01-2010,7.325145,0.196402,69.000000,0.919407,0.066966,2.213793,203
124_ab_st-albert,09-01-2010,6.073258,0.193716,70.000000,0.923343,0.069161,2.405018,208
124_ab_st-albert,10-01-2010,,0.164136,72.000000,0.886451,0.104186,1.877828,
124_ab_st-albert,11-01-2010,,0.157366,76.000000,0.900040,0.089084,2.431193,
124_ab_st-albert,12-01-2010,,0.222188,87.000000,0.955984,0.028924,2.937500,
124_bc_abbotsford,01-01-2011,5.009487,0.410939,49.000000,0.879731,0.095946,2.528509,319
124_bc_abbotsford,02-01-2010,4.423385,0.438289,60.000000,0.768209,0.225964,2.738523,306
124_bc_abbotsford,02-01-2011,5.617343,0.436986,33.000000,0.774615,0.216588,2.307851,340
124_bc_abbotsford,03-01-2010,3.740461,0.442323,60.000000,0.846376,0.144657,2.976351,614
124_bc_abbotsford,03-01-2011,7.077198,0.481926,20.000000,0.703697,0.285586,2.640708,376
124_bc_abbotsford,04-01-2010,4.512587,0.414103,58.000000,0.679770,0.312493,2.494055,458
124_bc_abbotsford,05-01-2010,5.861091,0.431680,58.000000,0.596327,0.395665,2.890983,447
124_bc_abbotsford,06-01-2010,4.770651,0.444129,60.000000,0.832977,0.162199,3.193403,428
124_bc_abbotsford,07-01-2010,5.584591,0.424125,55.000000,0.765309,0.230836,2.690346,359
124_bc_abbotsford,07-01-2011,8.587083,0.531175,36.000000,0.371599,0.625201,2.396917,294
124_bc_abbotsford,08-01-2010,4.579213,0.406160,59.000000,0.856336,0.132883,2.039903,539
124_bc_abbotsford,08-01-2011,7.791815,0.499774,35.000000,0.654667,0.331344,2.661458,229
124_bc_abbotsford,09-01-2010,4.342251,0.390562,60.000000,0.912211,0.075137,2.093117,530
124_bc_abbotsford,09-01-2011,,0.570346,42.000000,0.628360,0.325704,2.286792,
124_bc_abbotsford,10-01-2010,4.396112,0.407930,54.500000,0.933465,0.059760,2.760984,442
124_bc_abbotsford,11-01-2010,4.899859,0.475426,49.000000,0.870800,0.118271,2.404321,459
124_bc_abbotsford,12-01-2010,5.631789,0.408541,42.000000,0.863848,0.126942,2.601681,417
124_bc_burnaby,01-01-2011,5.022362,0.458422,47.000000,0.918099,0.074015,2.270857,616
124_bc_burnaby,02-01-2010,5.648841,0.412889,54.000000,0.699046,0.297120,2.907143,704
124_bc_burnaby,02-01-2011,5.766628,0.523172,34.000000,0.887909,0.101122,2.296727,649
124_bc_burnaby,03-01-2010,5.377716,0.413363,54.000000,0.621593,0.373143,2.630243,1211
124_bc_burnaby,03-01-2011,7.112754,0.550031,28.000000,0.850329,0.125178,2.438049,685
124_bc_burnaby,04-01-2010,5.443915,0.410627,54.000000,0.784590,0.207490,2.740566,1094
124_bc_burnaby,05-01-2010,5.571243,0.410373,54.000000,0.629236,0.363336,2.565338,1119
124_bc_burnaby,06-01-2010,6.432732,0.411321,54.000000,0.734691,0.256092,2.841343,953
124_bc_burnaby,07-01-2010,6.563739,0.413056,52.000000,0.727920,0.267402,2.844992,787
124_bc_burnaby,07-01-2011,8.382380,0.514531,31.000000,0.858288,0.128824,2.640998,613
124_bc_burnaby,08-01-2010,5.584891,0.410616,53.000000,0.852610,0.139724,2.180910,1195
124_bc_burnaby,08-01-2011,7.481877,0.586043,32.000000,0.798464,0.186388,2.468354,357
124_bc_burnaby,09-01-2010,4.816266,0.412382,53.000000,0.894319,0.091005,2.257755,1264
124_bc_burnaby,09-01-2011,7.476360,0.622943,35.000000,0.912286,0.077416,2.494382,308
124_bc_burnaby,10-01-2010,4.435118,0.494382,53.000000,0.870202,0.120202,2.033153,900
124_bc_burnaby,11-01-2010,5.078954,0.498858,47.000000,0.814142,0.171914,2.310599,755
124_bc_burnaby,12-01-2010,6.077870,0.444002,42.000000,0.884947,0.100966,2.563819,674
124_bc_campbell-river,03-01-2010,,0.275018,,,,,
124_bc_campbell-river,04-01-2010,,0.374683,,,,,
124_bc_campbell-river,09-01-2010,,0.219796,,,,,
124_bc_chilliwack,01-01-2011,,0.407824,44.000000,0.377303,0.618152,2.701107,
124_bc_chilliwack,02-01-2010,,0.396021,60.000000,0.451654,0.544420,2.291096,
124_bc_chilliwack,02-01-2011,,0.405468,35.000000,0.296733,0.699525,2.271698,
124_bc_chilliwack,03-01-2010,2.523610,0.398892,60.000000,0.852337,0.143904,2.688279,270
124_bc_chilliwack,03-01-2011,,0.412757,20.000000,0.190317,0.802494,2.235849,
124_bc_chilliwack,04-01-2010,3.603935,0.410700,56.000000,0.609870,0.376798,2.750000,224
124_bc_chilliwack,05-01-2010,,0.401869,56.000000,0.230466,0.765078,2.662338,
124_bc_chilliwack,06-01-2010,3.925189,0.401671,59.000000,0.518515,0.473453,2.883469,205
124_bc_chilliwack,07-01-2010,,0.399547,56.000000,0.365135,0.631241,2.432203,
124_bc_chilliwack,07-01-2011,,0.574409,31.000000,0.272585,0.713476,2.677419,
124_bc_chilliwack,08-01-2010,4.660190,0.393937,59.000000,0.410530,0.576652,1.907658,237
124_bc_chilliwack,09-01-2010,4.326439,0.367781,59.000000,0.568562,0.416988,2.220807,275
124_bc_chilliwack,10-01-2010,4.996048,0.402853,55.000000,0.488148,0.507748,2.186667,211
124_bc_chilliwack,11-01-2010,,0.407535,50.500000,0.360581,0.629581,2.029316,
124_bc_chilliwack,12-01-2010,,0.409405,36.000000,0.512216,0.483429,2.749206,
124_bc_cloverdale,01-01-2011,4.408704,0.405688,56.000000,0.922948,0.060899,2.623418,225
124_bc_cloverdale,02-01-2011,4.316674,0.408479,39.000000,0.848120,0.134103,1.965318,224
124_bc_cloverdale,03-01-2010,4.080555,0.339836,56.000000,0.804245,0.184302,2.422969,226
124_bc_cloverdale,03-01-2011,6.214068,0.413542,31.000000,0.878151,0.113532,2.159459,256
124_bc_cloverdale,04-01-2010,4.779252,0.411318,55.500000,0.847034,0.148887,2.554645,235
124_bc_cloverdale,05-01-2010,5.344915,0.412557,56.000000,0.826249,0.169045,2.706546,266
124_bc_cloverdale,06-01-2010,4.394680,0.421229,60.000000,0.849371,0.147349,2.692754,225
124_bc_cloverdale,07-01-2010,,0.410993,56.000000,0.659627,0.335032,2.632653,
124_bc_cloverdale,07-01-2011,6.948934,0.414867,33.000000,0.912103,0.076472,2.478964,225
124_bc_cloverdale,08-01-2010,5.707309,0.406102,54.000000,0.923609,0.069817,2.423313,349
124_bc_cloverdale,08-01-2011,,0.406343,32.000000,0.935674,0.051927,2.457627,
124_bc_cloverdale,09-01-2010,4.737862,0.408517,55.000000,0.900981,0.093895,1.997984,346
124_bc_cloverdale,09-01-2011,,0.803100,35.000000,0.926713,0.065816,2.721698,
124_bc_cloverdale,10-01-2010,3.414043,0.409663,64.000000,0.916938,0.070587,2.042857,312
124_bc_cloverdale,11-01-2010,4.111646,0.409441,56.000000,0.824895,0.168775,2.053191,252
124_bc_cloverdale,12-01-2010,5.140500,0.404903,48.000000,0.900706,0.089563,2.268235,292
124_bc_coquitlam,01-01-2011,5.102356,0.414117,45.000000,0.872638,0.113088,2.254335,469
124_bc_coquitlam,02-01-2010,4.987951,0.408338,58.000000,0.765649,0.225757,2.851602,387
124_bc_coquitlam,02-01-2011,6.113998,0.414974,33.000000,0.820801,0.167318,2.146739,522
124_bc_coquitlam,03-01-2010,4.151942,0.442305,58.000000,0.840060,0.151690,2.500861,785
124_bc_coquitlam,03-01-2011,7.650094,0.449196,20.000000,0.749276,0.240521,2.232895,520
124_bc_coquitlam,04-01-2010,5.206668,0.438408,55.000000,0.816382,0.176417,2.901257,726
124_bc_coquitlam,05-01-2010,6.225446,0.430623,56.000000,0.652444,0.341958,2.842498,660
124_bc_coquitlam,06-01-2010,5.513135,0.413141,56.000000,0.822524,0.173622,3.069474,623
124_bc_coquitlam,07-01-2010,5.929103,0.413946,54.000000,0.750235,0.242694,2.922500,507
124_bc_coquitlam,07-01-2011,10.007459,0.591620,31.000000,0.624539,0.367360,2.518576,402
124_bc_coquitlam,08-01-2010,5.215734,0.408688,56.000000,0.839265,0.143761,1.945922,728
124_bc_coquitlam,08-01-2011,8.179515,0.565483,30.000000,0.828018,0.155056,2.473913,319
124_bc_coquitlam,09-01-2010,4.937599,0.400858,57.000000,0.875543,0.109394,2.073657,806
124_bc_coquitlam,09-01-2011,6.586541,0.620243,33.000000,0.872300,0.114598,2.945714,237
124_bc_coquitlam,10-01-2010,4.832888,0.415380,54.000000,0.820428,0.167893,1.919393,584
124_bc_coquitlam,11-01-2010,5.149706,0.416038,48.000000,0.704830,0.289513,1.647376,472
124_bc_coquitlam,12-01-2010,5.413870,0.414042,42.000000,0.886757,0.099753,2.413016,547
124_bc_courtenay,01-01-2011,,0.318121,56.000000,0.750816,0.240828,2.442786,
124_bc_courtenay,02-01-2010,,0.222594,,,,,
124_bc_courtenay,02-01-2011,,0.345244,43.500000,0.239953,0.750063,2.416667,
124_bc_courtenay,03-01-2010,,0.394614,59.000000,0.293627,0.700322,2.264706,
124_bc_courtenay,03-01-2011,,0.383025,36.000000,0.293438,0.696884,2.650655,
124_bc_courtenay,04-01-2010,,0.402262,59.000000,0.252233,0.733804,2.394822,
124_bc_courtenay,05-01-2010,,0.402292,59.000000,0.174327,0.822077,2.479508,
124_bc_courtenay,06-01-2010,,0.400589,59.000000,0.180785,0.815440,2.508696,
124_bc_courtenay,07-01-2010,,0.401432,,,,,
124_bc_courtenay,07-01-2011,,0.410835,37.500000,0.129918,0.860475,2.665049,
124_bc_courtenay,08-01-2010,,0.396362,59.000000,0.496598,0.475203,2.324638,
124_bc_courtenay,09-01-2010,3.377596,0.359278,59.000000,0.388504,0.598199,2.052910,211
124_bc_courtenay,10-01-2010,,0.373891,59.000000,0.393344,0.601552,2.445283,
124_bc_courtenay,11-01-2010,,0.360402,55.000000,0.345412,0.646770,2.367589,
124_bc_courtenay,12-01-2010,,0.390973,46.000000,0.698248,0.295509,2.890196,
124_bc_duncan,03-01-2010,,0.191394,52.000000,0.232299,0.763331,2.614634,
124_bc_duncan,03-01-2011,,0.380920,,,,,
124_bc_duncan,04-01-2010,,0.355527,,,,,
124_bc_duncan,05-01-2010,,0.381016,,,,,
124_bc_duncan,06-01-2010,,0.342378,,,,,
124_bc_duncan,08-01-2010,,0.313542,52.000000,0.370861,0.620439,2.466667,
124_bc_duncan,09-01-2010,,0.301472,52.000000,0.410448,0.583803,2.131757,
124_bc_duncan,10-01-2010,,0.311497,,,,,
124_bc_duncan,11-01-2010,,0.399453,,,,,
124_bc_duncan,12-01-2010,,0.400448,36.000000,0.486415,0.509399,2.670782,
124_bc_haney,01-01-2011,5.506111,0.406181,49.000000,0.922365,0.071945,2.005988,240
124_bc_haney,02-01-2010,,0.392217,58.000000,0.717612,0.239808,2.694323,
124_bc_haney,02-01-2011,4.924089,0.411251,32.000000,0.916561,0.067376,2.285714,216
124_bc_haney,03-01-2010,9.294390,0.396620,58.000000,0.903390,0.085174,2.497619,255
124_bc_haney,03-01-2011,7.317743,0.413071,14.000000,0.954684,0.037072,2.664495,242
124_bc_haney,04-01-2010,8.908083,0.392252,54.000000,0.828457,0.149349,2.816216,225
124_bc_haney,05-01-2010,,0.356383,55.000000,0.639057,0.349451,2.453216,
124_bc_haney,06-01-2010,,0.323592,57.000000,0.726924,0.267182,2.491349,
124_bc_haney,07-01-2010,,0.351483,53.000000,0.692140,0.305327,2.541502,
124_bc_haney,07-01-2011,,0.623016,31.000000,0.875033,0.119985,2.540070,
124_bc_haney,08-01-2010,6.489664,0.394558,57.000000,0.910559,0.079357,1.862903,348
124_bc_haney,08-01-2011,,0.413016,29.000000,0.779824,0.203111,2.085202,
124_bc_haney,09-01-2010,5.718029,0.345186,57.000000,0.951563,0.040797,2.074627,366
124_bc_haney,10-01-2010,4.894695,0.406761,53.000000,0.955765,0.037306,2.314356,325
124_bc_haney,11-01-2010,6.298750,0.410567,49.000000,0.927992,0.062722,2.255937,277
124_bc_haney,12-01-2010,6.297308,0.404725,37.000000,0.945015,0.044268,2.463840,311
124_bc_kamloops,01-01-2011,2.400137,0.382102,53.000000,0.397664,0.596926,1.973941,346
124_bc_kamloops,02-01-2010,2.413888,0.397713,63.000000,0.163803,0.831022,1.929915,290
124_bc_kamloops,02-01-2011,2.611852,0.393291,45.000000,0.256328,0.734867,1.984351,350
124_bc_kamloops,03-01-2010,2.475511,0.362040,63.000000,0.131855,0.863942,2.021164,434
124_bc_kamloops,03-01-2011,2.792349,0.415735,36.000000,0.165595,0.824607,2.266069,316
124_bc_kamloops,04-01-2010,2.452340,0.407293,63.000000,0.130487,0.862594,2.104039,378
124_bc_kamloops,05-01-2010,2.475877,0.398056,63.000000,0.201302,0.793863,2.308000,384
124_bc_kamloops,06-01-2010,2.542051,0.399452,63.000000,0.146223,0.848010,2.716258,294
124_bc_kamloops,07-01-2010,2.417050,0.421986,63.000000,0.145185,0.851232,2.476534,253
124_bc_kamloops,07-01-2011,2.519789,0.402149,40.000000,0.220967,0.774854,2.657534,251
124_bc_kamloops,08-01-2010,2.376435,0.359506,66.000000,0.377864,0.607646,1.851282,552
124_bc_kamloops,08-01-2011,,0.402796,45.000000,0.217452,0.757707,2.604520,
124_bc_kamloops,09-01-2010,2.339990,0.368578,63.000000,0.521704,0.470800,1.942623,651
124_bc_kamloops,09-01-2011,,0.396469,40.000000,0.188241,0.805991,2.676976,
124_bc_kamloops,10-01-2010,2.472601,0.395893,62.000000,0.404046,0.591739,2.048364,409
124_bc_kamloops,11-01-2010,2.510941,0.403235,52.000000,0.346254,0.648757,2.186686,385
124_bc_kamloops,12-01-2010,2.295366,0.399068,55.000000,0.339329,0.655119,2.250746,363
124_bc_kelowna,01-01-2011,2.835903,0.392445,56.000000,0.327651,0.667454,2.244172,408
124_bc_kelowna,02-01-2010,3.561486,0.365396,65.000000,0.257772,0.736405,2.557823,347
124_bc_kelowna,02-01-2011,3.311926,0.391542,44.000000,0.292730,0.698806,2.154516,444
124_bc_kelowna,03-01-2010,4.415360,0.375357,65.000000,0.261719,0.727780,2.338346,578
124_bc_kelowna,03-01-2011,4.146755,0.404318,26.000000,0.289977,0.704424,2.554497,477
124_bc_kelowna,04-01-2010,3.864995,0.388977,63.000000,0.258327,0.736620,2.442607,498
124_bc_kelowna,05-01-2010,4.416485,0.397802,64.000000,0.223280,0.771259,2.673807,496
124_bc_kelowna,06-01-2010,4.531650,0.397044,64.000000,0.258939,0.732034,2.589744,439
124_bc_kelowna,07-01-2010,4.479629,0.398205,61.500000,0.211142,0.782461,2.510782,346
124_bc_kelowna,07-01-2011,4.775221,0.451151,39.000000,0.211250,0.783654,2.568266,338
124_bc_kelowna,08-01-2010,3.754287,0.378639,64.000000,0.438911,0.539262,2.090263,770
124_bc_kelowna,08-01-2011,4.695540,0.436528,39.500000,0.235135,0.746641,2.618297,281
124_bc_kelowna,09-01-2010,3.673403,0.352655,64.000000,0.609201,0.383751,2.348371,954
124_bc_kelowna,09-01-2011,4.997132,0.463269,44.000000,0.323503,0.659851,2.880000,238
124_bc_kelowna,10-01-2010,3.973154,0.394131,61.000000,0.405552,0.571233,2.120346,640
124_bc_kelowna,11-01-2010,4.021762,0.395702,55.000000,0.279218,0.717027,2.143113,552
124_bc_kelowna,12-01-2010,4.170950,0.400694,50.000000,0.325137,0.666068,2.452403,562
124_bc_langley,01-01-2011,6.515435,0.403767,50.000000,0.926334,0.065603,2.554896,249
124_bc_langley,02-01-2010,6.563057,0.306589,55.000000,0.895283,0.094459,2.610951,226
124_bc_langley,02-01-2011,7.150152,0.411944,34.000000,0.847135,0.141729,2.292683,215
124_bc_langley,03-01-2010,7.665431,0.358764,56.000000,0.656744,0.340190,2.730109,380
124_bc_langley,03-01-2011,7.882870,0.413223,31.000000,0.822915,0.165772,2.522857,237
124_bc_langley,04-01-2010,5.697478,0.413033,56.000000,0.887144,0.106041,2.489170,365
124_bc_langley,05-01-2010,5.644844,0.411263,58.000000,0.809740,0.173863,2.760148,336
124_bc_langley,06-01-2010,5.578220,0.412001,56.000000,0.913011,0.079088,2.919492,327
124_bc_langley,07-01-2010,7.076420,0.412991,53.000000,0.764755,0.232377,2.971204,225
124_bc_langley,07-01-2011,11.175832,0.415068,32.000000,0.928342,0.060086,2.775920,207
124_bc_langley,08-01-2010,6.454218,0.407684,55.000000,0.895940,0.085037,2.504601,450
124_bc_langley,08-01-2011,,0.463909,31.000000,0.914211,0.064598,3.100402,
124_bc_langley,09-01-2010,5.911796,0.408456,55.000000,0.918393,0.071045,2.292308,445
124_bc_langley,09-01-2011,,0.717214,34.000000,0.928205,0.051725,2.921569,
124_bc_langley,10-01-2010,5.028610,0.410415,54.000000,0.925012,0.059326,2.316583,289
124_bc_langley,11-01-2010,6.089049,0.409517,51.000000,0.925259,0.059607,2.414085,254
124_bc_langley,12-01-2010,7.729100,0.406621,35.000000,0.927118,0.060561,2.420213,259
124_bc_nanaimo,01-01-2011,3.200234,0.392448,48.000000,0.476059,0.512484,2.342900,394
124_bc_nanaimo,02-01-2010,3.861048,0.404254,56.000000,0.250777,0.739206,2.766667,252
124_bc_nanaimo,02-01-2011,3.692553,0.400383,39.000000,0.335025,0.660156,2.384507,371
124_bc_nanaimo,03-01-2010,3.591941,0.400109,56.000000,0.147547,0.846778,2.552511,381
124_bc_nanaimo,03-01-2011,4.452887,0.405883,31.000000,0.268912,0.722191,2.118571,349
124_bc_nanaimo,04-01-2010,4.403750,0.405905,56.000000,0.156953,0.834902,2.330539,369
124_bc_nanaimo,05-01-2010,4.402418,0.399815,55.000000,0.166664,0.829263,2.603471,349
124_bc_nanaimo,06-01-2010,4.864623,0.400509,56.000000,0.181502,0.813291,2.734848,299
124_bc_nanaimo,07-01-2010,4.269959,0.397975,55.000000,0.191158,0.805122,2.628352,242
124_bc_nanaimo,07-01-2011,5.005008,0.412505,34.000000,0.148720,0.839074,2.550645,223
124_bc_nanaimo,08-01-2010,4.175514,0.388460,56.000000,0.454764,0.538000,2.112288,538
124_bc_nanaimo,08-01-2011,,0.401666,35.000000,0.178965,0.805783,2.501312,
124_bc_nanaimo,09-01-2010,3.850683,0.383520,56.000000,0.488135,0.505961,2.046021,607
124_bc_nanaimo,09-01-2011,,0.396665,36.000000,0.296835,0.687739,2.780405,
124_bc_nanaimo,10-01-2010,4.250645,0.403106,56.000000,0.427845,0.566728,2.128725,485
124_bc_nanaimo,11-01-2010,4.376253,0.405064,49.000000,0.354788,0.640142,2.179747,427
124_bc_nanaimo,12-01-2010,3.486517,0.403107,45.000000,0.407262,0.587652,2.395046,421
124_bc_new-westminster,01-01-2011,,0.406977,50.000000,0.922719,0.056963,2.236515,
124_bc_new-westminster,02-01-2010,,0.332635,54.000000,0.790809,0.205144,2.504717,
124_bc_new-westminster,02-01-2011,,0.409377,33.000000,0.882505,0.093126,2.357798,
124_bc_new-westminster,03-01-2010,3.705217,0.278671,53.000000,0.720005,0.271248,2.484127,237
124_bc_new-westminster,04-01-2010,4.013092,0.312143,53.000000,0.892211,0.102170,2.591716,226
124_bc_new-westminster,05-01-2010,,0.236866,54.000000,0.666277,0.299085,2.371429,
124_bc_new-westminster,06-01-2010,,0.269954,53.000000,0.629510,0.353325,2.399240,
124_bc_new-westminster,07-01-2010,,0.268982,,,,,
124_bc_new-westminster,07-01-2011,,0.414701,30.000000,0.902737,0.084456,2.577586,
124_bc_new-westminster,08-01-2010,5.137801,0.295000,53.000000,0.899176,0.065286,1.799458,255
124_bc_new-westminster,09-01-2010,4.672219,0.282012,54.000000,0.950099,0.035071,2.415873,236
124_bc_new-westminster,10-01-2010,,0.299243,53.000000,0.891054,0.095513,2.039370,
124_bc_new-westminster,11-01-2010,,0.373847,50.000000,0.820956,0.175016,1.517110,
124_bc_new-westminster,12-01-2010,,0.406708,42.000000,0.923227,0.064473,2.290909,
124_bc_north-vancouver,01-01-2011,4.937929,0.396681,48.000000,0.952430,0.034915,2.565982,278
124_bc_north-vancouver,02-01-2010,,0.402127,58.000000,0.810820,0.182378,3.085714,
124_bc_north-vancouver,02-01-2011,8.214039,0.412200,33.500000,0.935081,0.052772,2.449102,251
124_bc_north-vancouver,03-01-2010,6.661280,0.401642,58.000000,0.790953,0.201429,2.746269,287
124_bc_north-vancouver,03-01-2011,9.720908,0.412904,15.000000,0.893211,0.094066,2.773700,236
124_bc_north-vancouver,04-01-2010,7.562372,0.406895,54.000000,0.892837,0.088368,2.638158,298
124_bc_north-vancouver,05-01-2010,8.609791,0.407375,54.000000,0.794618,0.193136,2.601852,259
124_bc_north-vancouver,06-01-2010,7.996371,0.406615,56.000000,0.880253,0.102433,3.090452,256
124_bc_north-vancouver,07-01-2010,,0.407625,52.000000,0.907315,0.084052,3.263333,
124_bc_north-vancouver,07-01-2011,10.909939,0.446260,19.000000,0.941251,0.045077,3.141479,248
124_bc_north-vancouver,08-01-2010,6.570526,0.362045,56.000000,0.935590,0.053921,2.193681,523
124_bc_north-vancouver,08-01-2011,,0.419251,26.000000,0.931216,0.052789,2.518072,
124_bc_north-vancouver,09-01-2010,5.812588,0.312892,56.000000,0.965564,0.026305,2.249619,511
124_bc_north-vancouver,10-01-2010,6.009868,0.393537,52.000000,0.941076,0.053031,2.034908,355
124_bc_north-vancouver,11-01-2010,6.693527,0.404773,48.000000,0.889618,0.103739,1.975000,309
124_bc_north-vancouver,12-01-2010,6.564366,0.402878,35.000000,0.931334,0.057279,2.582589,335
124_bc_penticton,02-01-2011,,0.130477,43.000000,0.134590,0.858371,1.751244,
124_bc_penticton,03-01-2010,,0.392038,67.000000,0.330912,0.665906,2.763948,
124_bc_penticton,04-01-2010,,0.393429,,,,,
124_bc_penticton,05-01-2010,,0.390763,,,,,
124_bc_penticton,06-01-2010,,0.228321,,,,,
124_bc_penticton,08-01-2010,,0.169428,64.000000,0.383318,0.611658,2.138614,
124_bc_penticton,09-01-2010,,0.156869,64.000000,0.436015,0.549942,2.454183,
124_bc_penticton,10-01-2010,,0.171293,62.000000,0.321546,0.672538,2.150000,
124_bc_penticton,11-01-2010,,0.178408,,,,,
124_bc_penticton,12-01-2010,,0.226250,46.000000,0.211376,0.784061,2.169811,
124_bc_port-coquitlam,03-01-2010,,0.409509,57.000000,0.920952,0.069099,2.731915,
124_bc_port-coquitlam,04-01-2010,,0.412152,,,,,
124_bc_port-coquitlam,08-01-2010,,0.389258,56.000000,0.943597,0.049195,2.102439,
124_bc_port-coquitlam,09-01-2010,,0.368247,,,,,
124_bc_prince-george,01-01-2011,2.324302,0.409449,58.000000,0.655886,0.334358,2.014842,343
124_bc_prince-george,02-01-2010,2.494057,0.378813,68.000000,0.191813,0.799960,2.478170,236
124_bc_prince-george,02-01-2011,1.802875,0.413842,51.500000,0.497494,0.478599,2.026786,412
124_bc_prince-george,03-01-2010,2.477465,0.402221,70.000000,0.165887,0.826471,2.289474,370
124_bc_prince-george,03-01-2011,2.133223,0.393650,41.000000,0.457497,0.527210,2.352256,404
124_bc_prince-george,04-01-2010,2.489446,0.413199,69.000000,0.168883,0.825792,2.473451,332
124_bc_prince-george,05-01-2010,3.569305,0.408572,68.000000,0.195834,0.800062,2.579439,310
124_bc_prince-george,06-01-2010,3.155081,0.420372,70.000000,0.176268,0.819215,2.884157,280
124_bc_prince-george,07-01-2010,2.496268,0.394080,69.000000,0.184471,0.808762,2.413284,247
124_bc_prince-george,07-01-2011,4.030933,0.402285,44.000000,0.175144,0.809927,2.433333,250
124_bc_prince-george,08-01-2010,2.448318,0.374258,72.000000,0.382805,0.606114,1.943907,554
124_bc_prince-george,08-01-2011,,0.381623,54.000000,0.182761,0.804379,2.355422,
124_bc_prince-george,09-01-2010,2.440990,0.375259,71.000000,0.399553,0.584761,2.080435,507
124_bc_prince-george,09-01-2011,,0.370038,58.000000,0.247554,0.740268,2.200772,
124_bc_prince-george,10-01-2010,2.435262,0.392970,68.000000,0.503657,0.491012,2.063920,417
124_bc_prince-george,11-01-2010,2.515418,0.407832,56.000000,0.514170,0.478323,2.268868,368
124_bc_prince-george,12-01-2010,2.453684,0.436582,60.000000,0.566629,0.417795,2.329412,404
124_bc_richmond,01-01-2011,5.176108,0.409380,47.000000,0.871447,0.099568,2.486111,367
124_bc_richmond,02-01-2010,6.558651,0.412204,54.000000,0.709923,0.278305,2.477105,411
124_bc_richmond,02-01-2011,5.594242,0.413457,36.000000,0.922350,0.064814,2.508929,433
124_bc_richmond,03-01-2010,5.284787,0.471126,54.000000,0.812459,0.180029,2.811234,701
124_bc_richmond,03-01-2011,6.653711,0.418097,29.000000,0.925628,0.067252,2.481865,433
124_bc_richmond,04-01-2010,5.201171,0.446248,54.000000,0.681174,0.312419,2.693137,624
124_bc_richmond,05-01-2010,4.995181,0.419794,54.000000,0.553754,0.422967,2.495584,616
124_bc_richmond,06-01-2010,5.005959,0.442592,54.000000,0.773628,0.221634,2.926020,492
124_bc_richmond,07-01-2010,6.345676,0.523027,52.000000,0.780240,0.215981,2.705128,388
124_bc_richmond,07-01-2011,8.966601,0.572338,31.000000,0.829571,0.160966,2.339559,379
124_bc_richmond,08-01-2010,4.538018,0.418284,54.000000,0.881129,0.105281,2.104822,679
124_bc_richmond,08-01-2011,8.700262,0.501815,31.000000,0.941456,0.039735,2.884718,280
124_bc_richmond,09-01-2010,4.654655,0.411417,54.000000,0.927749,0.059992,2.399436,796
124_bc_richmond,09-01-2011,6.125356,0.518041,34.000000,0.872046,0.119505,2.416667,243
124_bc_richmond,10-01-2010,5.311767,0.412512,52.000000,0.917097,0.072315,2.262948,532
124_bc_richmond,11-01-2010,5.189780,0.457949,47.000000,0.881916,0.109592,2.040373,441
124_bc_richmond,12-01-2010,5.141471,0.408550,41.000000,0.880378,0.110382,2.261137,463
124_bc_surrey,01-01-2011,4.468841,0.434946,50.000000,0.851718,0.127746,2.239536,1089
124_bc_surrey,02-01-2010,4.378125,0.412457,56.000000,0.660672,0.336107,2.512568,539
124_bc_surrey,02-01-2011,5.174204,0.444722,35.000000,0.784336,0.204847,2.239102,1013
124_bc_surrey,03-01-2010,3.667461,0.411255,55.000000,0.730679,0.261239,2.666026,1321
124_bc_surrey,03-01-2011,5.179734,0.452366,30.000000,0.774403,0.212098,2.293300,1082
124_bc_surrey,04-01-2010,4.558698,0.413449,55.000000,0.745624,0.242999,2.752815,1226
124_bc_surrey,05-01-2010,5.016956,0.413893,55.000000,0.635178,0.358069,2.799908,1284
124_bc_surrey,06-01-2010,4.587576,0.413271,56.000000,0.697999,0.291058,2.721585,1192
124_bc_surrey,07-01-2010,5.052503,0.427821,54.000000,0.716412,0.279304,2.809614,987
124_bc_surrey,07-01-2011,5.986802,0.537592,34.000000,0.695816,0.286240,2.305073,916
124_bc_surrey,08-01-2010,4.743979,0.409230,56.000000,0.853703,0.130345,2.069802,1837
124_bc_surrey,08-01-2011,6.091254,0.506758,34.000000,0.869535,0.106634,2.732970,757
124_bc_surrey,09-01-2010,4.172067,0.407956,56.000000,0.864131,0.122892,2.217780,1823
124_bc_surrey,09-01-2011,6.175875,0.628995,42.000000,0.845321,0.135520,2.478836,480
124_bc_surrey,10-01-2010,4.252159,0.410044,55.000000,0.880854,0.108116,2.044389,1434
124_bc_surrey,11-01-2010,4.520096,0.410528,48.000000,0.881203,0.104348,2.219624,1271
124_bc_surrey,12-01-2010,4.615337,0.412281,44.000000,0.888554,0.099898,2.379447,1262
124_bc_vancouver,01-01-2010,,0.368856,54.000000,0.610611,0.370462,2.163580,
124_bc_vancouver,01-01-2011,4.472243,0.409362,45.000000,0.882535,0.105202,2.206704,2553
124_bc_vancouver,02-01-2010,4.477281,0.404007,55.000000,0.661345,0.330171,2.706809,2205
124_bc_vancouver,02-01-2011,4.826642,0.442421,36.000000,0.841501,0.147563,2.147457,2719
124_bc_vancouver,03-01-2010,4.409173,0.401859,55.000000,0.647052,0.342308,2.718351,3573
124_bc_vancouver,03-01-2011,5.167810,0.499652,29.000000,0.877817,0.109139,2.424372,3007
124_bc_vancouver,04-01-2010,4.309289,0.405252,55.000000,0.660001,0.331753,2.743290,3072
124_bc_vancouver,05-01-2010,4.589633,0.403095,55.000000,0.687566,0.305008,2.785559,3192
124_bc_vancouver,06-01-2010,4.687609,0.404883,55.000000,0.686305,0.307605,2.830132,2707
124_bc_vancouver,07-01-2010,4.709253,0.408579,54.000000,0.711826,0.281910,2.656121,2302
124_bc_vancouver,07-01-2011,6.951431,0.570474,32.000000,0.849278,0.141603,2.503176,2327
124_bc_vancouver,08-01-2010,4.554091,0.400127,54.000000,0.872363,0.113527,2.049083,5172
124_bc_vancouver,08-01-2011,7.151936,0.554063,32.000000,0.888636,0.091036,2.725201,1645
124_bc_vancouver,09-01-2010,4.412049,0.406955,54.000000,0.911141,0.077994,2.178010,5541
124_bc_vancouver,09-01-2011,6.417779,0.621180,34.000000,0.883895,0.096882,2.567282,1298
124_bc_vancouver,10-01-2010,4.399939,0.414449,54.000000,0.879192,0.109680,2.126551,3793
124_bc_vancouver,11-01-2010,4.735646,0.428493,46.000000,0.877355,0.111353,2.128395,3524
124_bc_vancouver,12-01-2010,4.685717,0.412137,42.000000,0.897881,0.090349,2.280280,3123
124_bc_vernon,01-01-2011,,0.384794,56.000000,0.342489,0.653827,2.483254,
124_bc_vernon,02-01-2010,,0.394436,,,,,
124_bc_vernon,02-01-2011,,0.396791,42.500000,0.294988,0.697824,2.042194,
124_bc_vernon,03-01-2010,,0.399564,64.000000,0.259693,0.736055,2.883817,
124_bc_vernon,03-01-2011,,0.409811,25.000000,0.171575,0.821859,2.646789,
124_bc_vernon,04-01-2010,,0.399554,60.000000,0.230453,0.766226,2.581197,
124_bc_vernon,05-01-2010,,0.398026,63.000000,0.172627,0.824359,2.172285,
124_bc_vernon,06-01-2010,,0.409542,64.000000,0.398538,0.597127,3.156098,
124_bc_vernon,07-01-2010,,0.398050,60.000000,0.199239,0.797233,2.553398,
124_bc_vernon,08-01-2010,4.783149,0.371306,64.000000,0.477648,0.512833,2.193370,200
124_bc_vernon,09-01-2010,4.034462,0.353743,66.000000,0.568872,0.427523,2.278261,206
124_bc_vernon,10-01-2010,,0.379250,61.000000,0.513767,0.461043,2.069106,
124_bc_vernon,11-01-2010,,0.401150,56.000000,0.241674,0.754711,2.248927,
124_bc_vernon,12-01-2010,,0.399692,48.000000,0.466843,0.519007,2.942731,
124_bc_victoria,01-01-2011,3.829754,0.366818,47.000000,0.598311,0.385406,2.379630,906
124_bc_victoria,02-01-2010,4.490060,0.293331,51.000000,0.199501,0.793504,2.532905,548
124_bc_victoria,02-01-2011,4.759633,0.381477,32.000000,0.273197,0.722204,2.281013,766
124_bc_victoria,03-01-2010,4.538735,0.318795,52.000000,0.239355,0.756264,2.581749,1009
124_bc_victoria,03-01-2011,4.979927,0.385098,28.000000,0.227530,0.768110,2.418835,766
124_bc_victoria,04-01-2010,5.340660,0.323104,51.000000,0.217106,0.779419,2.503921,876
124_bc_victoria,05-01-2010,4.943159,0.355046,51.000000,0.240448,0.756124,2.458697,953
124_bc_victoria,06-01-2010,5.327260,0.324161,52.000000,0.303046,0.693394,2.790228,765
124_bc_victoria,07-01-2010,4.844005,0.337090,51.000000,0.196852,0.799177,2.536711,644
124_bc_victoria,07-01-2011,7.363643,0.409644,32.000000,0.189361,0.801310,2.492497,611
124_bc_victoria,08-01-2010,4.605773,0.334042,52.000000,0.476758,0.509834,2.025992,1669
124_bc_victoria,08-01-2011,6.852082,0.404060,32.000000,0.250105,0.732809,2.825000,426
124_bc_victoria,09-01-2010,4.638280,0.291586,52.000000,0.562497,0.431772,2.142176,1875
124_bc_victoria,09-01-2011,5.120919,0.411381,34.000000,0.253858,0.724951,2.358621,409
124_bc_victoria,10-01-2010,4.403989,0.269966,52.000000,0.513821,0.480060,2.077402,1324
124_bc_victoria,11-01-2010,4.381582,0.321891,48.000000,0.470301,0.525960,2.223579,1067
124_bc_victoria,12-01-2010,4.416894,0.391705,39.000000,0.612130,0.377482,2.351047,1104
124_mb_brandon,01-01-2011,2.625484,0.587414,53.000000,0.965624,0.025266,2.343612,205
124_mb_brandon,02-01-2010,,0.684089,33.500000,0.125186,0.869011,2.192661,
124_mb_brandon,02-01-2011,,0.615119,,,,,
124_mb_brandon,03-01-2010,,0.679142,33.000000,0.189733,0.805780,2.120104,
124_mb_brandon,03-01-2011,,0.565691,52.000000,0.809389,0.155834,2.048673,
124_mb_brandon,04-01-2010,,0.617301,34.000000,0.289071,0.697914,2.949102,
124_mb_brandon,05-01-2010,,0.712322,36.000000,0.196084,0.798982,2.346667,
124_mb_brandon,06-01-2010,,0.683931,34.000000,0.502106,0.494029,2.892361,
124_mb_brandon,07-01-2010,,0.723682,35.000000,0.730255,0.262883,2.995885,
124_mb_brandon,07-01-2011,,0.723742,,,,,
124_mb_brandon,08-01-2010,5.333922,0.683520,42.000000,0.760667,0.218376,1.830097,281
124_mb_brandon,08-01-2011,,0.597636,67.000000,0.801877,0.181008,2.301370,
124_mb_brandon,09-01-2010,4.776786,0.622942,38.000000,0.786536,0.199693,2.147222,259
124_mb_brandon,09-01-2011,,0.699863,67.000000,0.915821,0.074861,2.933628,
124_mb_brandon,10-01-2010,4.358954,0.724211,45.000000,0.931524,0.060420,1.730290,200
124_mb_brandon,11-01-2010,3.610938,0.632230,57.000000,0.933202,0.053415,2.127946,232
124_mb_brandon,12-01-2010,3.987991,0.591133,46.000000,0.927214,0.058081,2.333333,251
124_mb_winkler,03-01-2010,,0.346720,,,,,
124_mb_winkler,09-01-2010,,0.318632,,,,,
124_mb_winnipeg,01-01-2010,,0.220923,66.000000,0.677772,0.318213,2.130631,
124_mb_winnipeg,01-01-2011,3.533894,0.350295,51.000000,0.817629,0.170950,2.202605,1981
124_mb_winnipeg,02-01-2010,5.802282,0.344106,59.000000,0.452296,0.539457,2.519194,1777
124_mb_winnipeg,02-01-2011,3.406201,0.354060,56.000000,0.805678,0.180684,2.342883,1433
124_mb_winnipeg,03-01-2010,5.507210,0.322718,56.000000,0.481103,0.513903,2.357096,2630
124_mb_winnipeg,03-01-2011,5.133815,0.370811,51.000000,0.610085,0.377191,2.470291,1417
124_mb_winnipeg,04-01-2010,5.506450,0.336853,55.000000,0.475365,0.519998,2.351729,2243
124_mb_winnipeg,05-01-2010,5.397393,0.344534,56.000000,0.491013,0.504453,2.469937,2222
124_mb_winnipeg,06-01-2010,5.865020,0.346963,56.000000,0.497963,0.497877,2.634791,1774
124_mb_winnipeg,07-01-2010,5.668444,0.345134,56.000000,0.410051,0.586306,2.396546,1522
124_mb_winnipeg,07-01-2011,5.554247,0.407038,52.000000,0.770826,0.201535,2.639772,1760
124_mb_winnipeg,08-01-2010,4.766274,0.337086,54.000000,0.585631,0.399541,1.842857,3071
124_mb_winnipeg,08-01-2011,5.454104,0.408419,53.000000,0.829013,0.138485,2.698981,1854
124_mb_winnipeg,09-01-2010,5.388711,0.335928,39.000000,0.620127,0.369401,2.024423,2817
124_mb_winnipeg,09-01-2011,5.583584,0.414897,54.000000,0.905702,0.078549,2.748477,1902
124_mb_winnipeg,10-01-2010,5.180296,0.336030,47.000000,0.562172,0.427549,1.870461,1608
124_mb_winnipeg,11-01-2010,4.638445,0.360107,55.000000,0.537886,0.451511,1.875483,1973
124_mb_winnipeg,12-01-2010,4.929345,0.378531,47.000000,0.631635,0.359099,2.313533,2234
124_nb_fredericton,01-01-2011,4.121890,0.308638,60.000000,0.717501,0.270347,2.439873,640
124_nb_fredericton,02-01-2010,3.250252,0.397786,57.000000,0.103786,0.888770,2.549091,338
124_nb_fredericton,02-01-2011,3.510559,0.286466,70.000000,0.737406,0.250457,2.218241,421
124_nb_fredericton,03-01-2010,2.883363,0.401650,59.000000,0.101347,0.890936,2.397544,545
124_nb_fredericton,03-01-2011,2.624017,0.302391,67.000000,0.764335,0.206694,1.975352,376
124_nb_fredericton,04-01-2010,3.324023,0.406577,60.000000,0.090888,0.902392,2.287659,383
124_nb_fredericton,05-01-2010,3.371344,0.411207,60.000000,0.093522,0.899989,2.515643,301
124_nb_fredericton,06-01-2010,3.337767,0.407643,60.000000,0.091662,0.901828,2.618729,316
124_nb_fredericton,07-01-2010,3.198347,0.400000,59.000000,0.091156,0.902918,2.412518,216
124_nb_fredericton,07-01-2011,1.922241,0.316479,87.000000,0.751306,0.232832,2.353728,345
124_nb_fredericton,08-01-2010,2.323371,0.396431,63.000000,0.119741,0.872374,1.958369,472
124_nb_fredericton,08-01-2011,2.211550,0.325278,79.000000,0.817953,0.172353,2.315878,419
124_nb_fredericton,09-01-2010,2.868744,0.351851,59.000000,0.297461,0.691374,2.142744,601
124_nb_fredericton,09-01-2011,3.433909,0.378406,70.000000,0.548020,0.443346,2.609375,351
124_nb_fredericton,10-01-2010,3.179662,0.250911,59.000000,0.207344,0.785660,1.895893,524
124_nb_fredericton,11-01-2010,4.057477,0.264976,58.000000,0.391556,0.604902,1.962284,525
124_nb_fredericton,12-01-2010,4.060877,0.279733,60.000000,0.593332,0.391051,2.431567,541
124_nb_moncton,01-01-2011,3.482408,0.316535,62.000000,0.439035,0.550133,2.236718,855
124_nb_moncton,02-01-2010,3.598476,0.385985,61.000000,0.087315,0.905790,2.322230,446
124_nb_moncton,02-01-2011,3.385489,0.320814,71.000000,0.427166,0.559673,2.188984,608
124_nb_moncton,03-01-2010,3.777306,0.382632,60.000000,0.090068,0.902963,2.286707,765
124_nb_moncton,03-01-2011,3.669458,0.365209,63.000000,0.441235,0.543597,2.213220,545
124_nb_moncton,04-01-2010,3.692712,0.391484,61.000000,0.086358,0.907179,2.349241,579
124_nb_moncton,05-01-2010,2.930274,0.323915,60.000000,0.084834,0.908674,2.375173,414
124_nb_moncton,06-01-2010,2.840539,0.318346,60.000000,0.082280,0.910870,2.260163,331
124_nb_moncton,07-01-2010,2.749821,0.340114,60.000000,0.085842,0.907498,2.360845,319
124_nb_moncton,07-01-2011,3.293189,0.389646,83.000000,0.695913,0.288798,2.465784,571
124_nb_moncton,08-01-2010,2.659301,0.386247,61.000000,0.104521,0.889688,1.710497,614
124_nb_moncton,08-01-2011,3.085100,0.371051,75.000000,0.791054,0.191233,2.573737,680
124_nb_moncton,09-01-2010,2.680810,0.288438,63.000000,0.116491,0.877545,1.874142,649
124_nb_moncton,09-01-2011,3.776833,0.397710,70.000000,0.456049,0.529272,2.087191,536
124_nb_moncton,10-01-2010,3.172527,0.301997,63.000000,0.105767,0.889364,2.010316,556
124_nb_moncton,11-01-2010,3.110625,0.319383,62.000000,0.141459,0.850790,1.894101,597
124_nb_moncton,12-01-2010,4.087647,0.324109,62.000000,0.290220,0.698906,2.345712,754
124_nb_st-john,01-01-2011,4.835464,0.392283,55.000000,0.630425,0.353393,2.263024,510
124_nb_st-john,02-01-2010,2.612577,0.374616,50.000000,0.088767,0.905056,2.315789,245
124_nb_st-john,02-01-2011,4.168603,0.407016,60.000000,0.505379,0.465514,2.167939,332
124_nb_st-john,03-01-2010,3.182388,0.367771,50.000000,0.089860,0.902578,2.191658,406
124_nb_st-john,03-01-2011,4.379059,0.404892,58.000000,0.558185,0.421553,2.167300,337
124_nb_st-john,04-01-2010,2.808483,0.370031,54.000000,0.078844,0.914548,2.017263,269
124_nb_st-john,05-01-2010,4.203176,0.369893,55.000000,0.082701,0.911017,2.354244,256
124_nb_st-john,06-01-2010,2.751722,0.366656,54.000000,0.083664,0.909548,2.457676,231
124_nb_st-john,07-01-2010,,0.378651,51.000000,0.079922,0.913703,2.091854,
124_nb_st-john,07-01-2011,3.618065,0.343697,69.000000,0.815231,0.176345,2.201739,414
124_nb_st-john,08-01-2010,2.464418,0.393870,54.000000,0.105269,0.887519,1.745623,376
124_nb_st-john,08-01-2011,3.777725,0.335767,59.000000,0.705764,0.276726,2.301887,432
124_nb_st-john,09-01-2010,2.686721,0.333269,53.000000,0.128527,0.864134,1.960234,367
124_nb_st-john,09-01-2011,4.388193,0.291044,54.000000,0.363071,0.629954,2.280357,330
124_nb_st-john,10-01-2010,2.819388,0.237362,56.000000,0.099044,0.896061,1.767630,335
124_nb_st-john,11-01-2010,3.518796,0.336075,55.000000,0.123616,0.864167,1.711027,343
124_nb_st-john,12-01-2010,4.321298,0.384959,54.000000,0.313209,0.676261,2.079324,413
124_nf_corner-brook,01-01-2011,,0.336839,65.500000,0.376553,0.602600,2.411765,
124_nf_corner-brook,02-01-2010,,0.369294,60.500000,0.115424,0.877573,2.354740,
124_nf_corner-brook,02-01-2011,,0.311122,78.000000,0.686094,0.299128,2.438525,
124_nf_corner-brook,03-01-2010,,0.382565,61.500000,0.120942,0.870452,2.454338,
124_nf_corner-brook,03-01-2011,,0.308210,64.500000,0.497835,0.494206,2.445498,
124_nf_corner-brook,04-01-2010,,0.388912,64.000000,0.095859,0.897360,2.368557,
124_nf_corner-brook,05-01-2010,,0.388322,59.000000,0.093022,0.899617,2.596685,
124_nf_corner-brook,06-01-2010,,0.396532,58.000000,0.080991,0.912494,2.905138,
124_nf_corner-brook,07-01-2010,,0.388821,59.000000,0.087187,0.907173,2.339207,
124_nf_corner-brook,07-01-2011,,0.341311,,,,,
124_nf_corner-brook,08-01-2010,,0.377656,64.000000,0.128011,0.866392,1.813665,
124_nf_corner-brook,08-01-2011,,0.323864,,,,,
124_nf_corner-brook,09-01-2010,,0.339515,74.000000,0.169246,0.820944,2.081744,
124_nf_corner-brook,10-01-2010,,0.301217,65.000000,0.209096,0.783007,2.585034,
124_nf_corner-brook,11-01-2010,,0.373396,60.000000,0.174934,0.819986,2.501859,
124_nf_corner-brook,12-01-2010,,0.370924,65.000000,0.173809,0.817654,2.625430,
124_nf_st-john's,01-01-2011,3.600623,0.377025,68.000000,0.479262,0.509689,2.157373,968
124_nf_st-john's,02-01-2010,3.280893,0.405510,73.000000,0.159626,0.834649,2.534439,725
124_nf_st-john's,02-01-2011,4.052816,0.395756,65.000000,0.533674,0.443739,2.214029,681
124_nf_st-john's,03-01-2010,4.051488,0.410138,75.000000,0.134846,0.856390,2.592321,1015
124_nf_st-john's,03-01-2011,3.339252,0.393195,67.000000,0.695230,0.289080,2.125120,692
124_nf_st-john's,04-01-2010,4.249455,0.411794,75.000000,0.109180,0.884704,2.461766,748
124_nf_st-john's,05-01-2010,4.462913,0.412200,73.500000,0.100771,0.893147,2.526937,643
124_nf_st-john's,06-01-2010,4.502860,0.408490,75.000000,0.103257,0.890472,2.523714,481
124_nf_st-john's,07-01-2010,3.588704,0.411903,72.000000,0.102640,0.891352,2.404762,366
124_nf_st-john's,07-01-2011,3.085407,0.399215,70.000000,0.810860,0.174283,2.588235,616
124_nf_st-john's,08-01-2010,3.314846,0.404888,79.000000,0.132718,0.860389,1.797352,640
124_nf_st-john's,08-01-2011,3.227295,0.401136,63.000000,0.789946,0.195313,2.583851,677
124_nf_st-john's,09-01-2010,2.715455,0.389805,76.000000,0.168689,0.823021,1.895913,778
124_nf_st-john's,09-01-2011,3.823318,0.418129,58.500000,0.641879,0.343474,2.627263,596
124_nf_st-john's,10-01-2010,3.415137,0.352325,67.000000,0.154071,0.839125,1.850136,653
124_nf_st-john's,11-01-2010,3.085171,0.374088,67.000000,0.229848,0.760465,2.056047,628
124_nf_st-john's,12-01-2010,4.045293,0.364553,67.000000,0.308813,0.679948,2.081395,746
124_ns_bedford,02-01-2010,,0.265297,,,,,
124_ns_bedford,03-01-2010,,0.243800,,,,,
124_ns_bedford,04-01-2010,,0.405813,,,,,
124_ns_bedford,05-01-2010,,0.422159,,,,,
124_ns_bedford,09-01-2010,,0.201821,,,,,
124_ns_bedford,10-01-2010,,0.196876,,,,,
124_ns_bridgewater,01-01-2011,,0.188773,,,,,
124_ns_bridgewater,02-01-2010,,0.252158,,,,,
124_ns_bridgewater,03-01-2010,,0.250439,29.000000,0.638071,0.358364,1.548077,
124_ns_bridgewater,04-01-2010,,0.258840,30.000000,0.763102,0.229749,2.619266,
124_ns_bridgewater,05-01-2010,,0.251609,,,,,
124_ns_bridgewater,06-01-2010,,0.395197,,,,,
124_ns_bridgewater,07-01-2010,,0.248721,,,,,
124_ns_bridgewater,08-01-2010,,0.209201,27.000000,0.928447,0.065903,1.633028,
124_ns_bridgewater,09-01-2010,,0.201252,,,,,
124_ns_bridgewater,11-01-2010,,0.167167,,,,,
124_ns_bridgewater,12-01-2010,,0.202442,28.000000,0.938162,0.046455,1.911215,
124_ns_dartmouth,01-01-2011,5.415099,0.243690,28.000000,0.924857,0.059372,2.177647,606
124_ns_dartmouth,02-01-2010,3.952267,0.367557,32.000000,0.206830,0.789593,2.607232,337
124_ns_dartmouth,02-01-2011,4.067943,0.607306,29.000000,0.973638,0.016572,2.258730,522
124_ns_dartmouth,03-01-2010,4.252921,0.379043,31.000000,0.140473,0.855819,2.159879,505
124_ns_dartmouth,03-01-2011,3.338342,0.762574,28.000000,0.976030,0.009956,2.338318,441
124_ns_dartmouth,04-01-2010,4.710835,0.386236,30.000000,0.141396,0.854745,2.337089,378
124_ns_dartmouth,05-01-2010,5.441830,0.409888,29.000000,0.134848,0.860799,2.399399,358
124_ns_dartmouth,06-01-2010,5.670576,0.391588,33.000000,0.153160,0.843222,2.356994,382
124_ns_dartmouth,07-01-2010,6.303670,0.398868,33.000000,0.140898,0.854852,2.583763,273
124_ns_dartmouth,07-01-2011,3.431337,0.773774,37.000000,0.977927,0.010764,2.549165,476
124_ns_dartmouth,08-01-2010,4.298660,0.243523,31.000000,0.182215,0.812308,1.718062,464
124_ns_dartmouth,08-01-2011,3.431447,0.797269,36.000000,0.974104,0.013530,2.192012,573
124_ns_dartmouth,09-01-2010,5.122123,0.240937,29.000000,0.154386,0.841439,1.955577,447
124_ns_dartmouth,09-01-2011,3.657735,1.162803,43.000000,0.967063,0.024077,2.375580,508
124_ns_dartmouth,10-01-2010,4.288139,0.237577,29.000000,0.175636,0.820456,1.950483,336
124_ns_dartmouth,11-01-2010,5.014601,0.239216,27.000000,0.193474,0.801176,1.952038,348
124_ns_dartmouth,12-01-2010,6.154840,0.240313,26.000000,0.605974,0.373844,2.154862,507
124_ns_halifax,01-01-2010,,0.371056,44.000000,0.126294,0.864628,2.023810,
124_ns_halifax,01-01-2011,2.877061,0.450645,37.000000,0.917065,0.068482,1.953405,1835
124_ns_halifax,02-01-2010,2.712156,0.380579,35.000000,0.178330,0.817548,2.288031,929
124_ns_halifax,02-01-2011,2.821741,0.456003,38.000000,0.926661,0.060300,1.763993,1299
124_ns_halifax,03-01-2010,2.309761,0.380981,37.000000,0.158419,0.836732,2.174464,1406
124_ns_halifax,03-01-2011,2.910889,0.452301,38.000000,0.899918,0.085462,1.884354,1141
124_ns_halifax,04-01-2010,3.329588,0.387004,35.000000,0.137436,0.858441,2.331867,1090
124_ns_halifax,05-01-2010,3.829400,0.413803,35.000000,0.135787,0.859336,2.484095,949
124_ns_halifax,06-01-2010,3.521519,0.413250,37.000000,0.147996,0.846814,2.395890,914
124_ns_halifax,07-01-2010,3.321295,0.410952,36.000000,0.121831,0.872975,2.342490,663
124_ns_halifax,07-01-2011,2.598051,0.445137,48.000000,0.889275,0.087843,2.244885,1127
124_ns_halifax,08-01-2010,3.319810,0.352089,35.000000,0.296591,0.694354,1.687360,1305
124_ns_halifax,08-01-2011,3.015973,0.558455,41.500000,0.938277,0.046656,2.282903,1256
124_ns_halifax,09-01-2010,3.542568,0.361221,33.000000,0.332123,0.659358,1.811295,1419
124_ns_halifax,09-01-2011,3.095389,0.712964,48.000000,0.853574,0.136344,2.550060,1179
124_ns_halifax,10-01-2010,3.320535,0.357483,34.000000,0.293167,0.700697,1.771045,1218
124_ns_halifax,11-01-2010,3.344982,0.390653,36.000000,0.407517,0.580343,1.748482,1253
124_ns_halifax,12-01-2010,3.414823,0.443492,38.000000,0.861426,0.123816,1.899307,1633
124_ns_kentville,01-01-2011,,0.201552,,,,,
124_ns_kentville,03-01-2010,,0.298341,35.000000,0.614747,0.381252,2.812766,
124_ns_kentville,04-01-2010,,0.382796,,,,,
124_ns_kentville,05-01-2010,,0.310312,,,,,
124_ns_kentville,06-01-2010,,0.283187,,,,,
124_ns_kentville,08-01-2010,,0.210938,29.000000,0.258067,0.731104,1.575630,
124_ns_kentville,09-01-2010,,0.202744,,,,,
124_ns_kentville,10-01-2010,,0.201738,,,,,
124_ns_kentville,12-01-2010,,0.202927,,,,,
124_ns_sydney,01-01-2011,3.008820,0.251770,45.000000,0.865800,0.126240,1.750507,348
124_ns_sydney,02-01-2010,2.063886,0.266484,48.000000,0.555425,0.441004,2.057441,223
124_ns_sydney,02-01-2011,2.831559,0.361393,49.500000,0.352905,0.637605,1.421053,216
124_ns_sydney,03-01-2010,1.452245,0.294149,49.000000,0.199980,0.790836,2.179724,305
124_ns_sydney,03-01-2011,2.813380,0.381440,48.000000,0.619442,0.372557,1.798595,258
124_ns_sydney,04-01-2010,1.548172,0.294152,47.000000,0.135981,0.857695,2.047059,235
124_ns_sydney,05-01-2010,2.807145,0.260381,45.000000,0.176329,0.816123,2.097166,229
124_ns_sydney,06-01-2010,2.555141,0.350376,48.000000,0.107744,0.885953,1.652941,200
124_ns_sydney,07-01-2010,,0.296247,48.000000,0.105243,0.886457,1.729508,
124_ns_sydney,07-01-2011,2.214734,0.375193,51.000000,0.918733,0.059054,2.286119,230
124_ns_sydney,08-01-2010,1.817544,0.317279,43.000000,0.203759,0.790116,1.383877,220
124_ns_sydney,08-01-2011,2.996250,0.360035,48.000000,0.938737,0.040750,2.181586,287
124_ns_sydney,09-01-2010,1.710116,0.318380,47.000000,0.326154,0.665752,1.465979,242
124_ns_sydney,09-01-2011,3.523675,0.361386,51.000000,0.701353,0.274645,2.007979,233
124_ns_sydney,10-01-2010,1.232238,0.305923,47.000000,0.172588,0.823722,1.202198,208
124_ns_sydney,11-01-2010,1.039089,0.254942,46.000000,0.378478,0.616154,1.571770,214
124_ns_sydney,12-01-2010,3.819511,0.275402,45.000000,0.490305,0.494094,1.594228,342
124_ns_truro,03-01-2010,,0.251714,,,,,
124_ns_truro,09-01-2011,,0.245789,,,,,
124_ns_truro,12-01-2010,,0.200931,,,,,
124_on_agincourt,01-01-2011,,0.114468,41.000000,0.837143,0.157138,2.495146,
124_on_agincourt,02-01-2010,0.731963,0.361110,36.000000,0.939277,0.043156,2.548780,232
124_on_agincourt,03-01-2010,1.285632,0.374076,34.000000,0.947260,0.045971,1.990033,437
124_on_agincourt,03-01-2011,,0.345761,,,,,
124_on_agincourt,04-01-2010,0.654216,0.386861,37.000000,0.909508,0.070412,2.371917,350
124_on_agincourt,05-01-2010,1.684609,0.390623,41.000000,0.710877,0.262936,2.540395,343
124_on_agincourt,06-01-2010,0.511537,0.387604,40.000000,0.885375,0.107328,2.762911,271
124_on_agincourt,07-01-2010,0.527600,0.344210,43.000000,0.777517,0.200956,2.324873,251
124_on_agincourt,08-01-2010,0.519574,0.370288,39.000000,0.916045,0.066608,2.131387,365
124_on_agincourt,09-01-2010,0.503381,0.210935,39.000000,0.954041,0.036786,2.038462,383
124_on_agincourt,10-01-2010,,0.152919,38.000000,0.636277,0.358903,2.098305,
124_on_agincourt,11-01-2010,,0.113622,39.500000,0.838940,0.152123,1.584906,
124_on_agincourt,12-01-2010,,0.147672,38.000000,0.825279,0.125253,2.532751,
124_on_ajax,01-01-2011,6.232065,0.096586,32.000000,0.891751,0.098161,2.363354,253
124_on_ajax,02-01-2010,,0.412572,38.000000,0.748220,0.246749,2.427632,
124_on_ajax,02-01-2011,5.615747,0.093515,40.000000,0.920421,0.070981,2.651408,224
124_on_ajax,03-01-2010,3.112039,0.419404,38.000000,0.369976,0.612308,2.742152,242
124_on_ajax,03-01-2011,,0.100749,32.000000,0.862195,0.123912,2.536585,
124_on_ajax,04-01-2010,4.879188,0.423735,38.000000,0.391505,0.604817,2.503979,201
124_on_ajax,05-01-2010,,0.425115,48.000000,0.137064,0.856234,2.816384,
124_on_ajax,06-01-2010,,0.422079,45.000000,0.211425,0.784248,3.113772,
124_on_ajax,07-01-2010,,0.397786,47.000000,0.705420,0.291373,2.786885,
124_on_ajax,07-01-2011,,0.095875,,,,,
124_on_ajax,08-01-2010,3.913807,0.399422,31.000000,0.926817,0.054196,2.043902,309
124_on_ajax,08-01-2011,,0.108261,,,,,
124_on_ajax,09-01-2010,3.337048,0.202505,32.000000,0.917266,0.076284,1.944186,308
124_on_ajax,09-01-2011,,0.108947,,,,,
124_on_ajax,10-01-2010,2.064080,0.094260,32.000000,0.725279,0.266817,1.585492,245
124_on_ajax,11-01-2010,5.736806,0.095850,31.000000,0.413461,0.578614,1.818182,206
124_on_ajax,12-01-2010,7.144363,0.096758,31.000000,0.801379,0.178816,2.377717,255
124_on_barrie,01-01-2011,5.145022,0.105554,40.000000,0.793966,0.187102,2.337284,660
124_on_barrie,02-01-2010,2.805476,0.388948,50.000000,0.686154,0.303722,2.404871,407
124_on_barrie,02-01-2011,5.411612,0.106475,42.000000,0.825402,0.163813,2.338762,407
124_on_barrie,03-01-2010,2.668509,0.415767,50.000000,0.500872,0.486038,2.264224,602
124_on_barrie,03-01-2011,5.753239,0.101053,39.000000,0.742132,0.244173,2.270642,446
124_on_barrie,04-01-2010,2.803503,0.415247,50.000000,0.395938,0.598158,2.631579,493
124_on_barrie,05-01-2010,3.641313,0.419721,51.000000,0.166469,0.829223,2.417051,448
124_on_barrie,06-01-2010,2.486894,0.402902,50.000000,0.282234,0.712454,2.574333,417
124_on_barrie,07-01-2010,1.970423,0.383399,52.000000,0.281643,0.715591,2.998464,360
124_on_barrie,07-01-2011,5.522561,0.103367,53.000000,0.647315,0.317265,2.695736,343
124_on_barrie,08-01-2010,1.895904,0.378413,39.000000,0.913484,0.070782,2.071908,704
124_on_barrie,08-01-2011,5.317895,0.113385,52.000000,0.848238,0.131981,3.042662,412
124_on_barrie,09-01-2010,2.893290,0.391813,35.000000,0.932408,0.055436,1.973735,760
124_on_barrie,09-01-2011,5.007436,0.118154,49.000000,0.763394,0.209570,3.066946,312
124_on_barrie,10-01-2010,2.964476,0.104858,38.000000,0.830703,0.156935,2.174569,627
124_on_barrie,11-01-2010,4.317938,0.102251,39.000000,0.857612,0.128600,2.170455,605
124_on_barrie,12-01-2010,5.167134,0.099341,41.000000,0.700189,0.289344,2.294809,719
124_on_belleville,01-01-2011,,0.544951,45.000000,0.882441,0.103906,2.140426,
124_on_belleville,02-01-2010,,0.202471,,,,,
124_on_belleville,03-01-2010,,0.206505,39.000000,0.868653,0.125402,2.646154,
124_on_belleville,04-01-2010,,0.388688,35.000000,0.729219,0.264017,3.189055,
124_on_belleville,05-01-2010,,0.390696,32.000000,0.741842,0.254917,2.721461,
124_on_belleville,06-01-2010,,0.535399,33.000000,0.919055,0.074264,2.712329,
124_on_belleville,07-01-2010,,0.548515,33.000000,0.692188,0.300212,2.103448,
124_on_belleville,07-01-2011,,0.501052,55.000000,0.931965,0.053015,2.405797,
124_on_belleville,08-01-2010,2.095049,0.507663,45.000000,0.854959,0.121155,2.274510,239
124_on_belleville,09-01-2010,2.236514,0.481429,43.000000,0.884322,0.096081,1.921053,215
124_on_belleville,10-01-2010,,0.530536,40.000000,0.894930,0.091713,2.054902,
124_on_belleville,11-01-2010,,0.498700,46.000000,0.912009,0.072497,1.592593,
124_on_belleville,12-01-2010,2.063775,0.530783,43.000000,0.907549,0.083041,1.761905,226
124_on_bracebridge,03-01-2010,,0.361289,,,,,
124_on_bracebridge,08-01-2010,,0.376823,,,,,
124_on_bramalea,01-01-2011,,0.116364,,,,,
124_on_bramalea,02-01-2010,,0.409917,,,,,
124_on_bramalea,03-01-2010,,0.417180,48.000000,0.270860,0.725654,2.388489,
124_on_bramalea,04-01-2010,,0.420910,48.000000,0.304769,0.692115,3.236287,
124_on_bramalea,05-01-2010,,0.406938,50.000000,0.426593,0.570504,2.812000,
124_on_bramalea,06-01-2010,,0.401777,50.000000,0.555363,0.441286,2.639130,
124_on_bramalea,07-01-2010,,0.414134,,,,,
124_on_bramalea,08-01-2010,,0.395547,37.000000,0.945330,0.042024,1.594142,
124_on_bramalea,08-01-2011,,0.108347,,,,,
124_on_bramalea,09-01-2010,,0.263903,32.000000,0.947629,0.042851,2.353211,
124_on_bramalea,10-01-2010,,0.152977,34.000000,0.925869,0.062628,2.180095,
124_on_bramalea,11-01-2010,,0.169365,32.000000,0.880640,0.112797,1.543269,
124_on_bramalea,12-01-2010,,0.212074,35.000000,0.843941,0.149907,2.268398,
124_on_brampton,01-01-2010,,0.415485,,,,,
124_on_brampton,01-01-2011,6.071371,0.122964,33.000000,0.862172,0.128138,2.423714,860
124_on_brampton,02-01-2010,2.788612,0.408543,45.000000,0.320232,0.664590,2.440404,817
124_on_brampton,02-01-2011,5.904099,0.093189,38.000000,0.795116,0.195507,2.042842,677
124_on_brampton,03-01-2010,2.775825,0.403268,47.000000,0.322617,0.671761,2.461211,1140
124_on_brampton,03-01-2011,5.839124,0.096258,39.000000,0.789760,0.195267,2.121832,731
124_on_brampton,04-01-2010,3.194274,0.413461,45.500000,0.221263,0.771294,2.615547,986
124_on_brampton,05-01-2010,3.232901,0.413239,49.000000,0.139030,0.854965,2.367316,934
124_on_brampton,06-01-2010,2.533467,0.404248,50.000000,0.205817,0.786074,2.509501,884
124_on_brampton,07-01-2010,2.464426,0.410526,49.000000,0.209741,0.784763,2.429818,731
124_on_brampton,07-01-2011,5.363308,0.097477,50.000000,0.872609,0.086134,2.547355,612
124_on_brampton,08-01-2010,2.483335,0.388217,37.000000,0.913788,0.076130,1.996610,1214
124_on_brampton,08-01-2011,5.073059,0.108240,50.000000,0.918368,0.063275,2.810450,605
124_on_brampton,09-01-2010,2.846229,0.332476,34.000000,0.936377,0.054405,2.191553,1199
124_on_brampton,09-01-2011,5.448348,0.117999,49.000000,0.934200,0.056863,3.061644,546
124_on_brampton,10-01-2010,4.271143,0.166056,32.000000,0.830187,0.161386,2.142958,979
124_on_brampton,11-01-2010,4.614639,0.205519,32.000000,0.910207,0.079609,2.118789,963
124_on_brampton,12-01-2010,6.058747,0.210864,34.000000,0.887397,0.105124,2.105508,953
124_on_brantford,01-01-2011,6.162281,0.085767,32.000000,0.831325,0.161477,1.603659,238
124_on_brantford,02-01-2010,,0.414018,53.000000,0.119198,0.873763,2.132743,
124_on_brantford,02-01-2011,,0.085867,37.500000,0.887229,0.099860,1.583691,
124_on_brantford,03-01-2010,3.354132,0.421526,51.000000,0.138431,0.858054,2.503145,225
124_on_brantford,03-01-2011,,0.091014,36.500000,0.490705,0.496349,1.637615,
124_on_brantford,04-01-2010,,0.424692,52.000000,0.109307,0.886041,2.203125,
124_on_brantford,05-01-2010,,0.422487,53.000000,0.114360,0.881947,2.103614,
124_on_brantford,06-01-2010,,0.419329,53.000000,0.106745,0.887737,2.343042,
124_on_brantford,07-01-2010,,0.419197,53.000000,0.097861,0.898009,2.392857,
124_on_brantford,07-01-2011,,0.093524,52.500000,0.861782,0.122497,1.572816,
124_on_brantford,08-01-2010,,0.410257,33.000000,0.243151,0.751779,1.916168,
124_on_brantford,08-01-2011,,0.101040,73.500000,0.900158,0.078378,2.406393,
124_on_brantford,09-01-2010,5.522300,0.212944,32.000000,0.526665,0.441777,1.829146,249
124_on_brantford,09-01-2011,,0.105449,,,,,
124_on_brantford,10-01-2010,4.057872,0.091826,32.000000,0.700105,0.295177,2.059896,248
124_on_brantford,11-01-2010,5.659706,0.090405,32.000000,0.850295,0.138633,2.148265,227
124_on_brantford,12-01-2010,6.638699,0.084734,32.000000,0.901217,0.088218,2.150641,234
124_on_burlington,01-01-2011,5.588303,0.684643,30.000000,0.950064,0.039262,2.246809,579
124_on_burlington,02-01-2010,6.274950,0.219147,26.000000,0.670297,0.320028,3.233696,401
124_on_burlington,02-01-2011,6.357961,0.697956,34.000000,0.865976,0.116127,2.394737,378
124_on_burlington,03-01-2010,7.077857,0.220027,26.000000,0.521684,0.473974,2.875949,524
124_on_burlington,03-01-2011,6.306219,0.724780,32.000000,0.847612,0.145323,2.104723,355
124_on_burlington,04-01-2010,6.828126,0.442650,26.000000,0.416131,0.578828,2.643101,564
124_on_burlington,05-01-2010,6.999143,0.442558,25.000000,0.392507,0.604416,2.804147,541
124_on_burlington,06-01-2010,6.477307,0.724305,25.000000,0.648477,0.347731,2.795890,501
124_on_burlington,07-01-2010,7.014251,0.714169,27.000000,0.603753,0.390075,3.044408,406
124_on_burlington,07-01-2011,7.169417,0.710008,45.000000,0.945551,0.038115,2.620419,304
124_on_burlington,08-01-2010,5.958145,0.708181,32.000000,0.689636,0.302905,1.991021,602
124_on_burlington,08-01-2011,7.047079,0.793073,48.000000,0.941228,0.039453,2.759709,337
124_on_burlington,09-01-2010,4.070507,0.668040,31.000000,0.870068,0.116453,2.087671,507
124_on_burlington,09-01-2011,7.169584,0.771559,44.000000,0.933955,0.058328,2.994723,286
124_on_burlington,10-01-2010,4.791018,0.615860,29.000000,0.912233,0.076870,2.026622,465
124_on_burlington,11-01-2010,5.967643,0.687228,26.000000,0.954402,0.037307,2.268817,532
124_on_burlington,12-01-2010,6.577833,0.683217,29.000000,0.907826,0.083687,2.575172,558
124_on_cambridge,01-01-2011,5.195264,0.094916,37.000000,0.862188,0.116033,2.221957,309
124_on_cambridge,02-01-2010,4.292450,0.420176,50.000000,0.683175,0.311345,2.217484,271
124_on_cambridge,02-01-2011,,0.096611,41.000000,0.953437,0.037933,2.554717,
124_on_cambridge,03-01-2010,2.842991,0.416500,48.000000,0.539271,0.457409,2.478894,400
124_on_cambridge,03-01-2011,,0.094384,41.000000,0.885144,0.090810,2.528958,
124_on_cambridge,04-01-2010,3.045278,0.416463,46.500000,0.146287,0.847013,2.493124,238
124_on_cambridge,05-01-2010,4.300285,0.417295,52.500000,0.120865,0.874045,2.560081,222
124_on_cambridge,06-01-2010,2.181450,0.405047,52.000000,0.158702,0.831416,2.629870,225
124_on_cambridge,07-01-2010,,0.407448,52.500000,0.138229,0.854921,2.626506,
124_on_cambridge,07-01-2011,,0.095912,57.000000,0.662392,0.281171,2.404545,
124_on_cambridge,08-01-2010,2.594205,0.376573,39.000000,0.211329,0.782959,1.880218,296
124_on_cambridge,08-01-2011,,0.097436,73.000000,0.811119,0.172289,2.641026,
124_on_cambridge,09-01-2010,3.429077,0.239709,37.000000,0.907937,0.074811,1.697026,369
124_on_cambridge,09-01-2011,,0.107576,,,,,
124_on_cambridge,10-01-2010,2.967609,0.098953,36.000000,0.594157,0.401827,1.577167,291
124_on_cambridge,11-01-2010,4.247949,0.106569,36.000000,0.893249,0.099519,2.070218,284
124_on_cambridge,12-01-2010,5.958625,0.094955,35.000000,0.857886,0.138623,2.240426,342
124_on_chatham,02-01-2010,,0.515182,,,,,
124_on_chatham,03-01-2010,,0.459197,32.000000,0.708505,0.286689,2.007491,
124_on_chatham,04-01-2010,,0.445191,31.000000,0.438941,0.556716,2.533333,
124_on_chatham,05-01-2010,,0.523185,30.000000,0.407150,0.589026,2.612613,
124_on_chatham,06-01-2010,,0.544449,,,,,
124_on_chatham,08-01-2010,2.670881,0.524184,41.000000,0.930195,0.041649,2.289256,202
124_on_chatham,09-01-2010,,0.551969,38.000000,0.953819,0.032603,2.146789,
124_on_collingwood,01-01-2011,,0.083131,32.000000,0.891312,0.097937,1.762791,
124_on_collingwood,03-01-2010,,0.422834,42.000000,0.090139,0.905348,2.046083,
124_on_collingwood,04-01-2010,,0.416034,,,,,
124_on_collingwood,05-01-2010,,0.415909,,,,,
124_on_collingwood,08-01-2010,,0.402872,33.000000,0.251281,0.741985,2.072727,
124_on_collingwood,09-01-2010,,0.205373,32.000000,0.864335,0.094563,2.146119,
124_on_collingwood,10-01-2010,,0.078860,,0.665733,0.329036,1.860000,
124_on_collingwood,11-01-2010,,0.081550,,,,,
124_on_collingwood,12-01-2010,,0.079870,,,,,
124_on_cooksville,01-01-2011,6.636403,0.094012,31.500000,0.826116,0.160850,2.368866,434
124_on_cooksville,02-01-2010,3.882338,0.424560,36.000000,0.372029,0.623257,2.418283,390
124_on_cooksville,02-01-2011,5.873224,0.096512,35.000000,0.901344,0.089213,2.221968,331
124_on_cooksville,03-01-2010,4.096424,0.424621,36.000000,0.286390,0.708638,2.645791,527
124_on_cooksville,03-01-2011,6.540201,0.097198,34.000000,0.823835,0.167418,2.301435,316
124_on_cooksville,04-01-2010,5.183276,0.423812,36.000000,0.233541,0.758987,2.718377,452
124_on_cooksville,05-01-2010,4.632292,0.421454,36.000000,0.191611,0.803943,2.866051,455
124_on_cooksville,06-01-2010,3.822681,0.419595,36.000000,0.163357,0.830391,3.058985,366
124_on_cooksville,07-01-2010,4.322305,0.422030,36.000000,0.237788,0.750688,2.823817,317
124_on_cooksville,07-01-2011,5.886971,0.101310,48.000000,0.925699,0.054771,2.935733,298
124_on_cooksville,08-01-2010,4.344906,0.405775,33.000000,0.258838,0.737425,1.753868,398
124_on_cooksville,08-01-2011,5.459324,0.106985,59.000000,0.876655,0.091215,2.854220,281
124_on_cooksville,09-01-2010,3.510743,0.207496,31.000000,0.367617,0.628717,1.884265,445
124_on_cooksville,09-01-2011,5.581356,0.117851,49.000000,0.920278,0.071286,2.882353,233
124_on_cooksville,10-01-2010,2.872709,0.088651,30.000000,0.343539,0.649873,1.802306,354
124_on_cooksville,11-01-2010,4.511121,0.094817,29.000000,0.881736,0.114528,1.935024,458
124_on_cooksville,12-01-2010,6.112486,0.094031,31.000000,0.829383,0.165635,2.150307,480
124_on_cornwall,02-01-2010,,0.098313,,,,,
124_on_cornwall,03-01-2010,,0.104682,,,,,
124_on_cornwall,04-01-2010,,0.401285,37.500000,0.721675,0.272412,2.829268,
124_on_cornwall,05-01-2010,,0.402068,29.000000,0.427441,0.568455,2.676991,
124_on_cornwall,06-01-2010,6.158985,0.804165,32.000000,0.870433,0.125458,2.256000,206
124_on_cornwall,07-01-2010,,0.764474,,,,,
124_on_cornwall,08-01-2010,,0.774927,36.000000,0.908409,0.083680,1.724138,
124_on_cornwall,09-01-2010,4.724443,0.781135,32.000000,0.961646,0.030044,2.283951,220
124_on_cornwall,10-01-2010,4.340076,0.764247,30.500000,0.912415,0.065829,2.047809,219
124_on_cornwall,12-01-2010,,0.726064,,,,,
124_on_don-mills,04-01-2010,,0.424513,,,,,
124_on_don-mills,05-01-2010,,0.407571,48.000000,0.293735,0.701779,2.463415,

