country,month,DownloadThroughputSplitByClientAndByServer,UploadThroughputSplitByClientAndByServer,RTTSplitByClientAndByServer,NetLimitedSplitByClientAndByServer,ClientLimitedSplitByClientAndByServer,WinScaleRcvdSplitByClientAndByServer,NumberOfClientsSplitByClientAndByServer
100,01-01-2010,3.620696,0.643999,73.000000,0.840297,0.149589,1.539249,1248
100,01-01-2011,2.828515,0.766276,96.000000,0.699763,0.293518,0.929340,17308
100,02-01-2010,3.256594,0.683950,78.000000,0.805196,0.186669,1.511104,6739
100,02-01-2011,3.465397,0.801052,88.000000,0.680828,0.309520,1.030965,14921
100,03-01-2010,2.975786,0.681160,95.000000,0.722123,0.271080,1.497376,11732
100,03-01-2011,3.765277,0.844675,84.000000,0.683616,0.307995,0.991851,15632
100,04-01-2010,2.961690,0.683855,102.000000,0.660769,0.330626,1.530031,21285
100,05-01-2010,3.167802,0.723795,102.000000,0.651023,0.340302,1.754438,22451
100,06-01-2010,3.065407,0.732939,104.000000,0.725130,0.267918,1.766454,21332
100,07-01-2010,3.000782,0.755651,103.000000,0.715807,0.275964,1.566119,19098
100,07-01-2011,4.429814,1.005739,82.000000,0.744045,0.247161,1.304393,12062
100,08-01-2010,2.914149,0.743167,103.000000,0.585008,0.407679,1.053283,10997
100,08-01-2011,3.848724,0.965370,87.000000,0.781913,0.211422,1.224647,11132
100,09-01-2010,2.804170,0.760147,104.000000,0.626433,0.366689,0.964000,11809
100,09-01-2011,4.299202,1.125860,84.000000,0.791677,0.199974,1.418158,10852
100,10-01-2010,2.751629,0.762275,101.000000,0.618539,0.372239,0.879167,14598
100,11-01-2010,3.001429,0.790409,96.000000,0.596039,0.395791,0.946736,14441
100,12-01-2010,2.980459,0.788935,96.000000,0.658973,0.333902,0.915944,16008
112,01-01-2010,0.267750,0.204228,112.000000,0.971552,0.000000,1.458481,984
112,01-01-2011,0.521150,0.320475,170.000000,0.926442,0.048720,0.761271,17360
112,02-01-2010,0.259560,0.197245,131.000000,0.960583,0.000000,0.965740,2175
112,02-01-2011,0.945680,0.336655,137.000000,0.870992,0.117388,0.867951,13231
112,03-01-2010,0.266819,0.201666,110.000000,0.936030,0.010261,0.875575,5022
112,03-01-2011,0.974311,0.341000,155.000000,0.840587,0.148803,1.031514,13602
112,04-01-2010,0.267463,0.199834,113.000000,0.934967,0.014073,0.863984,8174
112,05-01-2010,0.267501,0.200828,110.000000,0.892975,0.053536,0.981339,7492
112,06-01-2010,0.267088,0.200916,121.000000,0.855873,0.122654,1.010144,6117
112,07-01-2010,0.267598,0.201815,124.000000,0.858495,0.121197,1.077426,6216
112,07-01-2011,0.973086,0.362054,131.000000,0.905965,0.076330,1.050607,11922
112,08-01-2010,0.518112,0.305500,137.000000,0.295475,0.688043,0.757814,6461
112,08-01-2011,1.021785,0.361025,131.000000,0.848443,0.143813,1.081041,10588
112,09-01-2010,0.498985,0.310542,123.000000,0.744699,0.238764,0.868128,6916
112,09-01-2011,1.028342,0.362136,126.000000,0.832046,0.157788,1.231473,9817
112,10-01-2010,0.443842,0.309929,126.000000,0.918024,0.056213,0.818918,8407
112,11-01-2010,0.499402,0.312530,131.000000,0.874890,0.105427,0.856994,8109
112,12-01-2010,0.519913,0.321898,136.000000,0.917975,0.063722,0.717160,12215
124,01-01-2010,2.751235,0.400808,50.000000,0.772636,0.216983,2.068474,6747
124,01-01-2011,4.316175,0.430346,44.000000,0.826601,0.161409,2.188262,90643
124,02-01-2010,3.511988,0.412909,47.000000,0.716251,0.273590,2.587096,72055
124,02-01-2011,4.372696,0.446433,47.000000,0.809375,0.178372,2.173001,71576
124,03-01-2010,3.343769,0.411328,48.000000,0.682185,0.309004,2.502891,111327
124,03-01-2011,4.451215,0.453578,44.000000,0.834404,0.151063,2.292654,72299
124,04-01-2010,3.566870,0.413362,49.000000,0.553330,0.438800,2.527255,93519
124,05-01-2010,3.841848,0.412951,50.000000,0.406296,0.585683,2.572432,85900
124,06-01-2010,3.713197,0.412152,49.000000,0.517325,0.475682,2.682103,75618
124,07-01-2010,3.608926,0.412296,49.000000,0.470103,0.522742,2.550920,64247
124,07-01-2011,4.213130,0.476559,52.000000,0.868923,0.112283,2.518658,63117
124,08-01-2010,3.191860,0.402429,50.000000,0.719962,0.264214,1.980888,105914
124,08-01-2011,4.228928,0.489272,50.000000,0.887573,0.091571,2.607969,63110
124,09-01-2010,3.112020,0.386441,48.000000,0.822397,0.164803,2.100291,114165
124,09-01-2011,4.394310,0.522752,51.000000,0.876623,0.111322,2.636388,55800
124,10-01-2010,3.134498,0.349314,46.000000,0.787121,0.201650,1.998592,92570
124,11-01-2010,3.323522,0.378830,44.000000,0.812645,0.175172,2.025001,91137
124,12-01-2010,4.346875,0.406610,43.000000,0.795912,0.193055,2.206285,94888
191,01-01-2010,2.719300,0.211049,60.000000,0.131711,0.855827,1.392615,724
191,01-01-2011,3.250051,0.215882,54.000000,0.146099,0.844431,1.596945,9072
191,02-01-2010,2.665954,0.211177,61.000000,0.165584,0.822488,1.489751,2659
191,02-01-2011,3.407722,0.217297,54.000000,0.156684,0.833347,1.620201,8092
191,03-01-2010,2.993458,0.214220,60.000000,0.120208,0.872013,1.811887,6362
191,03-01-2011,3.483876,0.217185,53.000000,0.158378,0.831182,1.776342,7906
191,04-01-2010,3.193798,0.215394,60.000000,0.094822,0.898191,1.856203,8557
191,05-01-2010,3.279105,0.216081,59.000000,0.100281,0.892813,1.936421,8495
191,06-01-2010,3.274872,0.216288,54.000000,0.101665,0.891136,2.102521,7447
191,07-01-2010,3.449965,0.215909,53.000000,0.091782,0.901584,2.026900,5983
191,07-01-2011,3.421752,0.216424,54.000000,0.167165,0.821024,1.918387,6078
191,08-01-2010,3.153139,0.212038,53.000000,0.120907,0.870640,1.618171,6258
191,08-01-2011,3.418614,0.220449,54.000000,0.124315,0.867817,1.963541,5363
191,09-01-2010,3.112916,0.214461,53.000000,0.142091,0.849243,1.534546,7764
191,09-01-2011,3.507551,0.223299,54.000000,0.204919,0.788351,2.170829,5614
191,10-01-2010,3.181710,0.213963,53.000000,0.139677,0.852262,1.517388,7708
191,11-01-2010,3.205227,0.214819,53.000000,0.158957,0.829082,1.523319,8333
191,12-01-2010,3.177460,0.215653,53.000000,0.147127,0.844140,1.676673,8292
196,01-01-2010,,0.229962,,,,,
196,01-01-2011,1.035446,0.285201,119.000000,0.932119,0.055779,2.105194,2522
196,02-01-2010,1.018372,0.215509,124.000000,0.770965,0.222323,1.781431,711
196,02-01-2011,1.967965,0.383945,104.000000,0.913800,0.072529,2.146064,2692
196,03-01-2010,0.995586,0.216518,130.000000,0.823532,0.159736,2.141960,1140
196,03-01-2011,2.155615,0.389787,93.000000,0.904386,0.084204,2.259416,2570
196,04-01-2010,1.026485,0.219009,112.000000,0.863195,0.128033,2.212173,2168
196,05-01-2010,1.026097,0.217664,112.000000,0.834854,0.149823,2.550656,2158
196,06-01-2010,1.024896,0.223533,112.000000,0.813112,0.175520,2.652623,1673
196,07-01-2010,1.051398,0.239757,109.000000,0.860441,0.124031,2.351890,1777
196,07-01-2011,2.262867,0.393948,95.000000,0.907351,0.079283,2.558679,1844
196,08-01-2010,1.007008,0.241155,109.000000,0.913117,0.073202,1.988006,2435
196,08-01-2011,2.207427,0.393818,96.000000,0.922766,0.062205,2.549645,2098
196,09-01-2010,0.936344,0.256243,107.000000,0.940711,0.045262,1.960518,2657
196,09-01-2011,2.278585,0.396148,94.000000,0.916664,0.067299,2.649960,2102
196,10-01-2010,0.964923,0.262804,96.000000,0.945660,0.041654,2.064802,2560
196,11-01-2010,0.991438,0.262392,100.000000,0.928600,0.058985,2.024655,1933
196,12-01-2010,1.008989,0.266508,110.000000,0.928635,0.058715,2.305673,2054
203,01-01-2010,3.346153,0.493572,41.000000,0.680109,0.313190,1.585959,1699
203,01-01-2011,3.655904,0.449832,39.000000,0.551971,0.437436,1.653046,22517
203,02-01-2010,2.863187,0.454302,46.000000,0.597479,0.394704,1.409964,5974
203,02-01-2011,3.556772,0.445073,40.000000,0.514178,0.477715,1.656289,19950
203,03-01-2010,3.231861,0.465706,43.000000,0.436837,0.555367,1.690401,15553
203,03-01-2011,3.798781,0.527573,39.000000,0.502477,0.486993,1.794244,19146
203,04-01-2010,3.593551,0.481499,41.000000,0.343615,0.646630,1.801366,18944
203,05-01-2010,3.660532,0.570725,41.000000,0.360971,0.631505,1.898374,19621
203,06-01-2010,3.792169,0.562977,40.000000,0.347140,0.645705,2.062903,16770
203,07-01-2010,3.784823,0.485721,40.000000,0.326059,0.667644,2.028385,16838
203,07-01-2011,4.511058,0.790018,38.000000,0.493630,0.496039,2.002720,16495
203,08-01-2010,3.672458,0.441250,40.000000,0.430810,0.560144,1.629243,15525
203,08-01-2011,4.605912,0.803195,38.000000,0.499031,0.492524,2.045871,14172
203,09-01-2010,3.662252,0.456122,38.000000,0.428476,0.561996,1.629043,15868
203,09-01-2011,4.821510,0.847296,38.000000,0.523505,0.467970,2.127880,13117
203,10-01-2010,3.732924,0.563130,38.000000,0.425233,0.566481,1.610008,17058
203,11-01-2010,3.681381,0.481422,38.000000,0.476090,0.513355,1.570228,18511
203,12-01-2010,3.635811,0.474960,39.000000,0.549459,0.440061,1.599183,21722
208,01-01-2010,6.719887,0.678273,39.000000,0.356352,0.637765,2.391951,1063
208,01-01-2011,7.212013,0.730838,36.000000,0.626365,0.363415,2.463024,20378
208,02-01-2010,6.545285,0.683550,39.000000,0.411036,0.582184,2.929339,7882
208,02-01-2011,6.939433,0.732262,37.000000,0.692905,0.296466,2.530934,18488
208,03-01-2010,6.677278,0.702815,35.000000,0.306567,0.684599,2.815699,13875
208,03-01-2011,7.660355,0.739867,35.000000,0.692231,0.295241,2.689593,18095
208,04-01-2010,7.195893,0.691074,33.000000,0.299478,0.691873,2.896746,17933
208,05-01-2010,7.519532,0.697462,32.000000,0.355945,0.635648,3.089712,18832
208,06-01-2010,7.778471,0.718380,32.000000,0.387334,0.606478,3.227824,15461
208,07-01-2010,7.733093,0.717863,34.000000,0.427378,0.564780,3.067913,13079
208,07-01-2011,8.063800,0.832060,36.000000,0.752008,0.238412,2.816497,15694
208,08-01-2010,6.234236,0.702796,35.000000,0.627452,0.360518,2.397675,21848
208,08-01-2011,8.195432,0.848577,34.000000,0.767318,0.224645,2.904603,16449
208,09-01-2010,6.368737,0.716133,34.000000,0.682153,0.302797,2.413991,22449
208,09-01-2011,8.468128,0.898551,34.000000,0.796398,0.194329,2.901588,15482
208,10-01-2010,6.715701,0.722850,34.000000,0.619011,0.371853,2.452325,21373
208,11-01-2010,6.803389,0.725205,34.000000,0.631491,0.359163,2.442280,19834
208,12-01-2010,7.131791,0.726814,36.000000,0.619632,0.370353,2.451848,19247
233,01-01-2010,3.582337,0.441990,52.000000,0.852576,0.141955,1.606043,1140
233,01-01-2011,3.644441,0.603321,47.000000,0.593681,0.395665,1.447372,4836
233,02-01-2010,3.572893,0.456980,54.000000,0.701940,0.291332,1.781392,3031
233,02-01-2011,2.945759,0.604003,47.000000,0.758624,0.224650,1.406462,4679
233,03-01-2010,3.477180,0.494452,48.000000,0.569314,0.421425,1.650174,6089
233,03-01-2011,3.812610,0.625388,47.000000,0.692101,0.294894,1.527628,4893
233,04-01-2010,3.613853,0.503183,45.000000,0.670734,0.321478,1.714462,7629
233,05-01-2010,3.790618,0.500610,45.000000,0.641367,0.351251,1.897336,6348
233,06-01-2010,3.854058,0.492698,45.000000,0.693670,0.298960,2.026687,6050
233,07-01-2010,3.766260,0.507073,43.000000,0.562622,0.424852,1.847491,4749
233,07-01-2011,3.891606,0.647325,49.000000,0.714620,0.268443,1.796598,3462
233,08-01-2010,3.948549,0.470001,44.000000,0.680026,0.303020,1.402172,4729
233,08-01-2011,4.648611,0.683814,46.000000,0.713814,0.274437,1.795636,3255
233,09-01-2010,3.736895,0.537348,45.000000,0.642903,0.342062,1.453055,4680
233,09-01-2011,4.572467,0.679017,48.000000,0.806413,0.180472,2.180599,3807
233,10-01-2010,4.084200,0.596338,46.000000,0.613842,0.371456,1.505498,4486
233,11-01-2010,3.884461,0.591507,46.000000,0.574700,0.410888,1.474881,4305
233,12-01-2010,3.604384,0.598710,47.000000,0.612882,0.371377,1.473691,4604
246,01-01-2010,4.077756,0.541754,58.000000,0.435120,0.552949,2.334138,2850
246,01-01-2011,5.601815,0.678219,47.000000,0.354541,0.635035,2.154662,11809
246,02-01-2010,4.451958,0.599137,55.000000,0.579150,0.410781,2.712516,8054
246,02-01-2011,5.069702,0.679441,48.000000,0.570954,0.414423,2.310833,10841
246,03-01-2010,4.581684,0.607426,49.000000,0.431426,0.554741,2.644537,14892
246,03-01-2011,5.847460,0.683456,47.000000,0.516594,0.467004,2.495468,10901
246,04-01-2010,4.532474,0.613697,44.000000,0.368369,0.621579,2.709330,18747
246,05-01-2010,5.217699,0.636439,42.000000,0.245180,0.744385,2.684028,17071
246,06-01-2010,5.595751,0.629455,45.000000,0.356382,0.635126,3.055284,15307
246,07-01-2010,5.548352,0.631431,43.000000,0.258097,0.731952,2.898399,11555
246,07-01-2011,6.338061,0.691643,49.000000,0.550291,0.433865,2.706772,8514
246,08-01-2010,4.874747,0.643053,43.000000,0.361618,0.626478,2.164385,13790
246,08-01-2011,7.007332,0.709664,47.000000,0.503450,0.485660,2.645783,8496
246,09-01-2010,5.272536,0.651852,43.000000,0.382642,0.604819,2.171504,14290
246,09-01-2011,6.464979,0.709113,51.000000,0.726252,0.255517,2.862122,9796
246,10-01-2010,5.344511,0.651352,44.000000,0.349398,0.640240,2.132246,12917
246,11-01-2010,5.265020,0.663702,44.000000,0.348670,0.642006,2.118668,11777
246,12-01-2010,5.216509,0.662740,47.000000,0.367265,0.622190,2.165789,11865
250,01-01-2010,4.412889,0.548198,44.000000,0.542469,0.450426,2.313038,5515
250,01-01-2011,3.528594,0.553034,46.000000,0.856048,0.129168,2.466239,107109
250,02-01-2010,4.433853,0.538158,44.000000,0.348608,0.642686,2.446710,24309
250,02-01-2011,3.433089,0.556880,47.000000,0.871966,0.112840,2.573666,87871
250,03-01-2010,4.511846,0.545934,44.000000,0.335546,0.657078,2.526478,52531
250,03-01-2011,3.809695,0.562906,44.000000,0.850132,0.135344,2.597610,83261
250,04-01-2010,4.518846,0.545474,42.000000,0.401557,0.590370,2.637172,94236
250,05-01-2010,4.280205,0.551379,43.000000,0.457926,0.533867,2.615449,100217
250,06-01-2010,4.347736,0.558662,43.000000,0.561062,0.430210,2.817519,79768
250,07-01-2010,4.558929,0.560464,43.000000,0.424791,0.566350,2.739911,66007
250,07-01-2011,4.183023,0.575056,42.000000,0.862530,0.123658,2.764935,69950
250,08-01-2010,3.837860,0.548325,45.000000,0.675592,0.313638,2.150283,117447
250,08-01-2011,3.846814,0.559087,49.000000,0.874002,0.109434,2.825676,38542
250,09-01-2010,3.993928,0.558642,43.000000,0.732099,0.256835,2.201674,117600
250,09-01-2011,3.666001,0.593595,62.000000,0.850877,0.131240,2.400593,12729
250,10-01-2010,3.410694,0.544238,45.000000,0.808409,0.179463,2.241879,115666
250,11-01-2010,3.360825,0.528579,45.000000,0.834263,0.152517,2.274973,125186
250,12-01-2010,3.612497,0.545518,47.000000,0.823602,0.162710,2.396550,108670
276,01-01-2010,5.009098,0.444136,46.000000,0.258955,0.733702,2.304556,7253
276,01-01-2011,5.282473,0.509941,37.000000,0.299698,0.690213,2.611658,59151
276,02-01-2010,4.811574,0.444030,52.000000,0.251636,0.738225,2.437871,22064
276,02-01-2011,5.315242,0.514643,36.000000,0.324342,0.664586,2.638808,50227
276,03-01-2010,5.277810,0.461410,36.000000,0.126723,0.866510,2.433658,43552
276,03-01-2011,5.473939,0.518253,35.000000,0.320254,0.668471,2.734191,48429
276,04-01-2010,5.353988,0.469048,34.000000,0.114547,0.878648,2.562104,61367
276,05-01-2010,5.347587,0.466277,33.000000,0.119351,0.873884,2.607710,64157
276,06-01-2010,5.370327,0.478931,33.000000,0.119853,0.873305,2.701325,51062
276,07-01-2010,5.394396,0.482831,35.000000,0.126441,0.867044,2.603256,46777
276,07-01-2011,5.649561,0.556906,35.000000,0.376295,0.612707,2.850226,40598
276,08-01-2010,5.059148,0.469582,37.000000,0.193014,0.798589,2.379950,65249
276,08-01-2011,5.750487,0.570130,34.000000,0.349349,0.640822,2.928166,36551
276,09-01-2010,4.986615,0.474261,36.000000,0.245236,0.744959,2.431295,65585
276,09-01-2011,5.802100,0.617190,34.000000,0.362197,0.626118,2.973370,31595
276,10-01-2010,5.084812,0.494394,35.000000,0.222664,0.769046,2.411874,62708
276,11-01-2010,5.171638,0.499402,36.000000,0.245980,0.745651,2.432711,61494
276,12-01-2010,5.265616,0.504761,37.000000,0.274152,0.716111,2.545288,59283
300,01-01-2010,2.508797,0.321900,86.000000,0.452091,0.535549,1.647479,1277
300,01-01-2011,3.545981,0.522992,30.000000,0.400371,0.592718,1.717765,41454
300,02-01-2010,3.075372,0.272660,77.000000,0.392598,0.597268,1.531672,16720
300,02-01-2011,3.804880,0.531605,30.000000,0.365781,0.627132,1.861705,31467
300,03-01-2010,4.853576,0.308280,31.000000,0.308896,0.683633,1.810139,23003
300,03-01-2011,4.056057,0.534252,30.000000,0.332153,0.660337,1.957490,32346
300,04-01-2010,5.480320,0.351710,28.000000,0.302989,0.690337,2.169589,38836
300,05-01-2010,5.813794,0.512427,28.000000,0.327409,0.666471,2.215725,50383
300,06-01-2010,5.790496,0.522252,28.000000,0.268595,0.723534,2.367651,39251
300,07-01-2010,5.681144,0.516435,28.000000,0.192884,0.800283,2.311736,29864
300,07-01-2011,4.894515,0.522392,31.000000,0.225248,0.767249,2.141607,20558
300,08-01-2010,5.100918,0.511784,29.000000,0.220723,0.771130,1.796709,25567
300,08-01-2011,5.114007,0.523110,29.000000,0.206327,0.786184,2.244352,22029
300,09-01-2010,5.114248,0.522683,29.000000,0.287149,0.705679,1.736941,34435
300,09-01-2011,5.243567,0.538368,29.000000,0.302340,0.691215,2.273697,25150
300,10-01-2010,5.006560,0.522711,29.000000,0.227756,0.765250,1.729825,36419
300,11-01-2010,4.747227,0.522783,30.000000,0.242957,0.749944,1.781751,32620
300,12-01-2010,4.092459,0.523056,30.000000,0.335893,0.657464,1.761071,37699
348,01-01-2010,4.086004,0.560849,43.000000,0.256410,0.738454,1.636386,6489
348,01-01-2011,4.245391,0.624372,44.000000,0.167579,0.825006,1.273964,71325
348,02-01-2010,3.512085,0.456094,51.000000,0.353009,0.639835,1.491252,12029
348,02-01-2011,4.105807,0.654721,42.000000,0.173566,0.818961,1.300352,59625
348,03-01-2010,4.013744,0.462228,43.000000,0.193010,0.799312,1.521680,27730
348,03-01-2011,4.790976,0.683726,42.000000,0.146639,0.846396,1.426377,57999
348,04-01-2010,4.360794,0.453723,42.000000,0.173968,0.818721,1.564854,42014
348,05-01-2010,4.249999,0.450407,42.000000,0.147934,0.844723,1.611947,51343
348,06-01-2010,4.329287,0.454376,41.000000,0.132127,0.861043,1.604866,46744
348,07-01-2010,4.406155,0.454016,41.000000,0.120892,0.872629,1.450149,43917
348,07-01-2011,4.800712,0.764295,42.000000,0.150065,0.842920,1.511616,47721
348,08-01-2010,4.343312,0.482495,42.000000,0.131984,0.861093,1.160521,43544
348,08-01-2011,4.766877,0.771537,42.000000,0.161614,0.830894,1.580360,42456
348,09-01-2010,4.226271,0.559557,42.000000,0.176894,0.815494,1.272793,48104
348,09-01-2011,5.015465,0.843977,43.000000,0.166490,0.826746,1.711800,39662
348,10-01-2010,4.309710,0.584303,43.000000,0.159563,0.832680,1.257132,51035
348,11-01-2010,4.579777,0.589542,41.000000,0.150265,0.842418,1.291190,56604
348,12-01-2010,4.296157,0.573922,44.000000,0.165478,0.826676,1.300770,65787
352,01-01-2010,,0.491220,,,,,
352,01-01-2011,2.935809,0.556409,60.000000,0.927998,0.062993,1.430014,1664
352,02-01-2010,2.755294,0.526843,63.000000,0.907564,0.077472,2.628601,1433
352,02-01-2011,2.751579,0.551403,62.000000,0.941304,0.050619,1.717010,1610
352,03-01-2010,3.376626,0.548151,66.000000,0.885933,0.100142,2.629521,2629
352,03-01-2011,3.797082,0.643582,60.000000,0.925305,0.065225,1.665682,1585
352,04-01-2010,3.984227,0.549473,58.000000,0.794084,0.191864,2.495807,2630
352,05-01-2010,4.138184,0.535297,59.000000,0.607628,0.384019,2.407321,2167
352,06-01-2010,4.691179,0.576680,58.000000,0.762130,0.228224,2.911710,1749
352,07-01-2010,5.027619,0.588985,58.000000,0.728584,0.264729,2.632033,1542
352,07-01-2011,3.798290,0.719174,60.000000,0.947851,0.043010,1.828723,1495
352,08-01-2010,4.391059,0.583529,58.000000,0.717627,0.267992,1.540248,1644
352,08-01-2011,4.586428,0.683956,65.000000,0.934465,0.056537,2.134744,1532
352,09-01-2010,4.407994,0.603338,57.000000,0.803864,0.185945,1.563774,1817
352,09-01-2011,3.747648,0.704300,70.000000,0.948610,0.040242,2.181913,1630
352,10-01-2010,4.541588,0.609767,57.000000,0.764506,0.227114,1.556260,1277
352,11-01-2010,4.413514,0.603308,58.000000,0.807151,0.174228,1.538124,1295
352,12-01-2010,4.471729,0.603210,60.000000,0.859559,0.123444,1.653622,1386
36,01-01-2010,1.057825,0.193019,242.000000,0.730824,0.243379,2.383092,2297
36,01-01-2011,3.634675,0.412034,46.000000,0.670978,0.315868,2.354999,66584
36,02-01-2010,1.105618,0.233457,213.000000,0.805884,0.164825,2.723961,31354
36,02-01-2011,3.137244,0.408751,51.000000,0.713834,0.270059,2.355679,54731
36,03-01-2010,1.208197,0.232991,211.000000,0.757978,0.213338,2.717290,48611
36,03-01-2011,3.850766,0.425394,45.000000,0.717138,0.269701,2.530752,58651
36,04-01-2010,1.135512,0.234643,213.000000,0.748690,0.225155,2.577184,48659
36,05-01-2010,1.261384,0.253892,215.000000,0.722882,0.251816,2.546821,48033
36,06-01-2010,3.095631,0.341505,68.000000,0.720410,0.265347,2.767866,49842
36,07-01-2010,4.064760,0.396765,53.000000,0.669243,0.319471,2.711855,45104
36,07-01-2011,3.263575,0.414097,54.000000,0.783235,0.196024,2.704496,59265
36,08-01-2010,3.526530,0.388633,53.000000,0.706381,0.278832,2.206078,69993
36,08-01-2011,4.209037,0.458954,43.000000,0.786500,0.199001,2.772918,55218
36,09-01-2010,3.892531,0.399608,45.000000,0.721097,0.263544,2.296196,73032
36,09-01-2011,4.227916,0.461896,43.000000,0.790607,0.195762,2.816721,52458
36,10-01-2010,3.802880,0.406414,45.000000,0.684520,0.303222,2.268053,69745
36,11-01-2010,3.623878,0.407856,46.000000,0.668515,0.318790,2.309653,63191
36,12-01-2010,3.532325,0.409209,47.000000,0.647212,0.339168,2.343233,62657
372,01-01-2010,3.095244,0.265694,40.000000,0.534181,0.459792,1.885602,655
372,01-01-2011,3.374195,0.353808,44.000000,0.362935,0.627144,2.301524,8095
372,02-01-2010,3.485451,0.267382,45.000000,0.406610,0.586780,2.312172,4165
372,02-01-2011,3.129774,0.357063,46.000000,0.405764,0.585290,2.346723,7551
372,03-01-2010,3.207255,0.266188,46.000000,0.376152,0.615443,2.297082,7515
372,03-01-2011,3.345598,0.362970,42.000000,0.406819,0.584266,2.421655,6882
372,04-01-2010,3.435347,0.267279,45.000000,0.408519,0.579833,2.280714,7918
372,05-01-2010,3.574777,0.268093,45.000000,0.309386,0.682558,2.387005,6784
372,06-01-2010,3.999023,0.269833,42.000000,0.343674,0.647915,2.628228,5383
372,07-01-2010,3.844242,0.273512,42.000000,0.289429,0.700526,2.387845,5206
372,07-01-2011,3.909616,0.395203,43.000000,0.360227,0.631370,2.550246,5817
372,08-01-2010,2.987802,0.283485,45.000000,0.403469,0.586924,2.009465,8974
372,08-01-2011,4.106354,0.394306,42.000000,0.353359,0.639231,2.637036,5701
372,09-01-2010,2.813014,0.315855,44.000000,0.369301,0.620765,2.088139,8474
372,09-01-2011,4.455032,0.449942,42.000000,0.343374,0.648238,2.737910,5311
372,10-01-2010,3.002226,0.333300,44.000000,0.315583,0.675691,2.143417,6421
372,11-01-2010,2.624275,0.338938,47.000000,0.360399,0.628465,2.085449,6177
372,12-01-2010,2.520754,0.345018,47.000000,0.365439,0.625072,2.311736,7073
380,01-01-2010,1.870368,0.269472,77.000000,0.730009,0.254408,1.651503,13844
380,01-01-2011,2.102785,0.285851,82.000000,0.743490,0.241654,1.850393,154627
380,02-01-2010,2.061127,0.276274,82.000000,0.677651,0.308963,1.797823,55340
380,02-01-2011,2.318490,0.294164,81.000000,0.739423,0.246501,1.948910,120844
380,03-01-2010,2.216713,0.278787,81.000000,0.623902,0.364467,1.841493,102784
380,03-01-2011,2.483536,0.297505,81.000000,0.782568,0.201438,2.084725,123833
380,04-01-2010,2.377819,0.280569,81.000000,0.615759,0.371971,1.984837,148147
380,05-01-2010,2.432605,0.281340,82.000000,0.631825,0.355932,2.068836,154199
380,06-01-2010,2.553808,0.281690,82.000000,0.612915,0.375368,2.168111,123780
380,07-01-2010,2.628069,0.281671,84.000000,0.563235,0.425061,2.148868,97013
380,07-01-2011,3.177293,0.310001,78.000000,0.746034,0.240737,2.338694,89560
380,08-01-2010,2.574104,0.280729,82.000000,0.654700,0.329900,1.861565,117530
380,08-01-2011,2.679895,0.308487,90.000000,0.833241,0.151642,2.318797,75387
380,09-01-2010,2.263393,0.281335,81.000000,0.768146,0.215653,1.815847,138626
380,09-01-2011,2.767887,0.308313,96.000000,0.873119,0.112742,2.348588,72561
380,10-01-2010,2.310755,0.282416,81.000000,0.720947,0.264033,1.818307,141729
380,11-01-2010,2.236710,0.285689,80.000000,0.729346,0.256532,1.827137,141429
380,12-01-2010,2.277809,0.287353,82.000000,0.700588,0.284558,1.843330,136580
40,01-01-2010,3.123367,0.342671,48.000000,0.160674,0.826027,1.712628,659
40,01-01-2011,3.838920,0.366633,44.000000,0.318803,0.672379,2.564373,11181
40,02-01-2010,3.172620,0.348671,56.000000,0.261958,0.725990,2.275837,2717
40,02-01-2011,3.961311,0.400084,45.000000,0.339081,0.652125,2.565938,9384
40,03-01-2010,3.408099,0.354076,45.000000,0.180292,0.809641,2.410528,5397
40,03-01-2011,4.230940,0.412904,44.000000,0.311158,0.678289,2.569102,9151
40,04-01-2010,3.448904,0.357343,44.000000,0.185065,0.804042,2.612306,7815
40,05-01-2010,3.712479,0.369282,43.000000,0.203554,0.784756,2.834738,8322
40,06-01-2010,3.691810,0.407430,42.000000,0.195709,0.795603,2.938611,6573
40,07-01-2010,4.097302,0.369490,42.000000,0.162742,0.829870,2.873531,5412
40,07-01-2011,4.829665,0.475614,45.000000,0.293171,0.694025,2.839003,6749
40,08-01-2010,3.466290,0.360359,43.000000,0.222510,0.765837,2.428091,9523
40,08-01-2011,4.954387,0.509277,44.000000,0.326247,0.661994,2.737088,6780
40,09-01-2010,3.661309,0.359847,43.000000,0.233257,0.756556,2.436876,10292
40,09-01-2011,4.966041,0.525100,45.000000,0.408423,0.580488,2.784629,6933
40,10-01-2010,3.838182,0.364797,42.000000,0.234810,0.756040,2.451243,10334
40,11-01-2010,3.734640,0.358684,43.000000,0.266908,0.723842,2.450902,10243
40,12-01-2010,3.450806,0.361237,45.000000,0.350635,0.639108,2.492539,10877
428,01-01-2010,1.897487,0.424651,55.500000,0.861014,0.127642,1.364398,1381
428,01-01-2011,3.086534,0.563682,49.000000,0.469963,0.524578,1.077975,6355
428,02-01-2010,2.478452,0.431953,54.000000,0.813606,0.171558,1.565063,4076
428,02-01-2011,3.333794,0.578766,49.000000,0.432731,0.550766,1.170915,5278
428,03-01-2010,2.777054,0.507672,51.000000,0.846551,0.142521,1.555137,9105
428,03-01-2011,3.590197,0.684061,46.000000,0.394277,0.593103,1.331399,5325
428,04-01-2010,2.350988,0.521514,47.000000,0.869098,0.121471,1.523113,12224
428,05-01-2010,3.107363,0.535604,43.000000,0.659037,0.332930,1.695047,10736
428,06-01-2010,3.727905,0.539273,43.000000,0.337113,0.654730,1.806109,9191
428,07-01-2010,3.988318,0.562476,44.000000,0.348642,0.645322,1.646376,7809
428,07-01-2011,4.411605,0.825019,49.000000,0.402664,0.585417,1.582360,3990
428,08-01-2010,3.571708,0.549149,46.000000,0.344295,0.646128,1.098674,5399
428,08-01-2011,4.387083,0.884508,47.000000,0.417649,0.571971,1.557169,3912
428,09-01-2010,3.607073,0.585841,45.000000,0.491686,0.496442,1.170528,5426
428,09-01-2011,4.530981,1.166303,49.000000,0.517288,0.467913,1.680396,3886
428,10-01-2010,3.582327,0.587077,48.000000,0.390125,0.601789,1.115105,5359
428,11-01-2010,2.997520,0.595858,47.000000,0.542127,0.448563,1.138764,5874
428,12-01-2010,2.971964,0.594242,48.000000,0.561658,0.426112,1.065294,6261
440,01-01-2010,1.458897,0.442611,55.000000,0.831223,0.153704,1.339117,1865
440,01-01-2011,3.940422,0.646748,43.000000,0.377864,0.610447,0.926506,11702
440,02-01-2010,1.629764,0.484682,53.000000,0.792592,0.196473,1.553735,5577
440,02-01-2011,3.933484,0.801433,43.000000,0.358355,0.631962,1.111821,10461
440,03-01-2010,1.927985,0.522946,46.000000,0.655582,0.336323,1.458720,12229
440,03-01-2011,4.237968,0.823162,43.000000,0.359697,0.630984,1.257417,10619
440,04-01-2010,1.973001,0.522978,43.000000,0.527372,0.463979,1.434705,16159
440,05-01-2010,3.801230,0.542701,40.000000,0.237116,0.755275,1.663354,13270
440,06-01-2010,3.773595,0.553735,40.000000,0.214940,0.776755,1.794154,12098
440,07-01-2010,3.893383,0.563213,39.000000,0.186217,0.801391,1.734642,9366
440,07-01-2011,6.098798,1.407660,44.000000,0.505203,0.485504,1.530758,7487
440,08-01-2010,3.787113,0.602835,43.000000,0.286269,0.705999,1.195576,5861
440,08-01-2011,5.146984,1.367469,43.000000,0.573876,0.419902,1.552455,7594
440,09-01-2010,3.685070,0.591720,43.000000,0.366907,0.622553,1.208921,6608
440,09-01-2011,6.884339,1.567574,44.000000,0.448119,0.542319,1.630667,7720
440,10-01-2010,3.755243,0.596497,44.000000,0.361518,0.624088,1.215563,6994
440,11-01-2010,3.722880,0.643924,42.000000,0.324419,0.665755,1.186151,7786
440,12-01-2010,3.917807,0.719141,43.000000,0.341096,0.648407,1.014571,10374
442,01-01-2010,,0.197094,,,,,
442,01-01-2011,4.120737,0.367967,36.000000,0.787763,0.193120,2.256907,1462
442,02-01-2010,2.361002,0.201119,49.000000,0.600237,0.393388,2.100162,426
442,02-01-2011,3.671297,0.379691,36.000000,0.878264,0.112374,2.236858,1209
442,03-01-2010,3.234087,0.261083,50.000000,0.565553,0.426886,2.037464,872
442,03-01-2011,4.344105,0.380531,35.000000,0.791020,0.188324,2.168722,1086
442,04-01-2010,3.972177,0.351983,43.000000,0.438631,0.555347,2.182429,1093
442,05-01-2010,4.297585,0.354584,35.000000,0.449006,0.545785,2.357930,1085
442,06-01-2010,4.603591,0.369163,41.000000,0.540617,0.454207,2.423846,841
442,07-01-2010,4.279816,0.362643,39.000000,0.513987,0.479612,2.314890,795
442,07-01-2011,4.591014,0.393267,36.000000,0.913649,0.067588,2.486772,1134
442,08-01-2010,4.436846,0.364210,41.000000,0.662549,0.323458,2.143666,1507
442,08-01-2011,4.593263,0.390023,37.000000,0.919398,0.069434,2.625339,853
442,09-01-2010,4.311448,0.361918,38.000000,0.720716,0.271276,2.266169,1602
442,09-01-2011,4.551090,0.397921,37.000000,0.928535,0.059226,2.828510,728
442,10-01-2010,4.234236,0.361481,36.000000,0.736151,0.253833,2.169700,1510
442,11-01-2010,3.946484,0.362171,38.000000,0.723406,0.266974,2.182378,1432
442,12-01-2010,3.970324,0.363347,37.000000,0.820863,0.164206,2.375185,1450
470,01-01-2011,1.686040,0.377085,133.000000,0.904367,0.079214,2.349146,1413
470,02-01-2010,3.165036,0.273002,82.000000,0.556888,0.433743,1.995489,363
470,02-01-2011,2.370326,0.381670,116.000000,0.874556,0.107923,2.503821,1115
470,03-01-2010,3.290927,0.281627,92.000000,0.398344,0.594099,2.123693,606
470,03-01-2011,2.026496,0.378112,120.000000,0.876825,0.103729,2.478261,1181
470,04-01-2010,3.203893,0.281667,124.000000,0.437188,0.558183,2.478900,853
470,05-01-2010,3.041309,0.281238,126.000000,0.413972,0.580673,2.190050,955
470,06-01-2010,3.117269,0.291797,123.000000,0.582136,0.412014,2.623368,809
470,07-01-2010,3.053204,0.290071,120.000000,0.730476,0.258332,2.760324,728
470,07-01-2011,3.197329,0.383448,108.000000,0.795203,0.193759,2.481985,982
470,08-01-2010,2.481050,0.281504,118.000000,0.795715,0.198210,2.039916,1502
470,08-01-2011,2.760504,0.386413,115.000000,0.917994,0.071571,2.616874,1100
470,09-01-2010,1.798665,0.278976,128.000000,0.868946,0.112664,2.122340,1742
470,09-01-2011,3.041977,0.383952,111.000000,0.899806,0.084604,2.334168,1199
470,10-01-2010,1.726216,0.287539,125.000000,0.885712,0.098330,2.281739,1504
470,11-01-2010,1.490606,0.375309,122.500000,0.913491,0.073877,2.422893,1396
470,12-01-2010,1.503425,0.379892,119.000000,0.912184,0.076348,2.315972,1350
484,01-01-2010,0.842802,0.179673,96.000000,0.661578,0.322295,1.906712,545
484,01-01-2011,0.736994,0.195650,102.000000,0.860398,0.119374,2.188431,14859
484,02-01-2010,0.965872,0.196482,89.000000,0.465948,0.523183,2.148725,9158
484,02-01-2011,0.844423,0.210205,92.000000,0.788246,0.192481,2.173139,11551
484,03-01-2010,0.994038,0.193395,88.000000,0.489662,0.498240,2.062876,13581
484,03-01-2011,0.841874,0.224048,90.000000,0.807369,0.172473,2.248595,11019
484,04-01-2010,0.965716,0.195868,89.000000,0.515343,0.471674,2.083863,12668
484,05-01-2010,1.028789,0.196708,88.000000,0.454539,0.534349,2.139278,12022
484,06-01-2010,0.961883,0.181484,91.000000,0.578172,0.409600,2.111835,10847
484,07-01-2010,0.797355,0.148553,96.000000,0.712146,0.274700,2.101554,10738
484,07-01-2011,1.341149,0.248274,86.000000,0.701460,0.280683,2.507361,10759
484,08-01-2010,0.859847,0.192175,98.000000,0.756658,0.226999,1.982891,15177
484,08-01-2011,1.480087,0.257933,80.000000,0.699609,0.283320,2.631760,9487
484,09-01-2010,0.840102,0.199093,104.000000,0.754628,0.229573,1.956516,15202
484,09-01-2011,1.553567,0.271474,78.000000,0.712787,0.271438,2.647233,9118
484,10-01-2010,0.835630,0.199908,98.000000,0.764886,0.216508,1.996818,14503
484,11-01-2010,0.796643,0.200818,95.000000,0.817888,0.162305,1.990356,15920
484,12-01-2010,0.815504,0.199055,102.000000,0.802379,0.177395,2.137868,13525
492,01-01-2011,,1.245258,63.000000,0.805626,0.186539,1.738916,
492,03-01-2011,,1.285780,64.500000,0.952946,0.038751,1.361386,
492,08-01-2010,,0.712690,61.500000,0.192658,0.803903,1.253906,
492,09-01-2010,7.937974,1.205980,63.000000,0.390569,0.604422,1.347701,230
492,10-01-2010,,1.246271,64.000000,0.368887,0.623238,1.284519,
492,11-01-2010,,1.146145,61.000000,0.588155,0.408237,1.191304,
492,12-01-2010,,1.285778,66.000000,0.466654,0.522614,1.104265,
498,01-01-2010,1.452619,0.536525,88.000000,0.849307,0.140348,0.621975,1135
498,01-01-2011,1.333966,0.534554,119.000000,0.840345,0.149020,0.800816,6815
498,02-01-2010,1.500575,0.522708,124.000000,0.669185,0.323291,0.718750,2606
498,02-01-2011,1.971598,0.562662,113.000000,0.739838,0.252700,0.821108,5580
498,03-01-2010,1.801424,0.528187,124.000000,0.594587,0.394280,0.704837,4969
498,03-01-2011,2.385093,0.577793,112.000000,0.680259,0.309548,0.965504,4957
498,04-01-2010,1.833927,0.520240,127.000000,0.701976,0.287065,0.765510,9623
498,05-01-2010,1.652835,0.522353,130.000000,0.773724,0.212881,1.005803,10181
498,06-01-2010,2.110279,0.522925,125.000000,0.590329,0.397620,1.046449,8683
498,07-01-2010,2.154413,0.522926,125.000000,0.416975,0.572777,1.084332,6804
498,07-01-2011,2.951206,0.560645,101.000000,0.744013,0.245029,1.156942,3959
498,08-01-2010,2.104452,0.523029,123.000000,0.310142,0.681342,0.731335,3994
498,08-01-2011,2.431383,0.566994,109.000000,0.824149,0.166425,1.264116,3667
498,09-01-2010,1.672941,0.536344,123.000000,0.699112,0.290366,0.740244,4136
498,09-01-2011,2.907977,0.610249,101.000000,0.789444,0.199720,1.435752,3185
498,10-01-2010,1.475442,0.521352,124.000000,0.808303,0.178136,0.711766,4937
498,11-01-2010,1.708374,0.522798,119.000000,0.811124,0.178622,0.733689,4927
498,12-01-2010,1.698284,0.540189,112.000000,0.827102,0.159028,0.744766,6177
528,01-01-2010,7.673571,0.684217,22.000000,0.137670,0.855745,2.335984,4021
528,01-01-2011,5.568657,0.722424,20.000000,0.635800,0.353627,2.490451,67687
528,02-01-2010,7.560243,0.687199,22.000000,0.098703,0.895578,2.708328,29673
528,02-01-2011,5.541921,0.723286,22.000000,0.680299,0.310827,2.525833,58500
528,03-01-2010,7.610305,0.700708,22.000000,0.076154,0.916683,2.547495,40079
528,03-01-2011,5.669649,0.726572,21.000000,0.737141,0.251232,2.605141,53122
528,04-01-2010,7.622021,0.705462,21.000000,0.069102,0.925869,2.602133,44883
528,05-01-2010,7.434654,0.708686,21.000000,0.065971,0.928964,2.705618,45316
528,06-01-2010,7.442629,0.716313,21.000000,0.064634,0.930166,2.954560,35097
528,07-01-2010,7.495120,0.715146,21.000000,0.059360,0.935078,2.784693,29638
528,07-01-2011,6.757382,0.764642,20.000000,0.322838,0.670348,2.742533,45673
528,08-01-2010,6.682095,0.709828,22.000000,0.094105,0.900394,2.224132,50957
528,08-01-2011,7.053811,0.791932,20.000000,0.331881,0.661987,2.772916,41730
528,09-01-2010,6.846480,0.712258,21.000000,0.100427,0.894234,2.351302,52236
528,09-01-2011,7.628017,0.800172,20.000000,0.286555,0.706823,2.920975,33720
528,10-01-2010,6.817387,0.713539,21.000000,0.094291,0.900215,2.378832,52684
528,11-01-2010,6.260294,0.714555,20.000000,0.149172,0.844788,2.420679,54803
528,12-01-2010,5.610043,0.719408,20.000000,0.577697,0.413388,2.464364,65461
554,01-01-2010,0.580491,0.329959,215.000000,0.886914,0.084393,2.030504,564
554,01-01-2011,2.992908,0.462413,70.000000,0.922006,0.061162,2.268142,8842
554,02-01-2010,0.910935,0.364613,189.000000,0.900104,0.078592,2.475499,5135
554,02-01-2011,2.396576,0.459388,72.000000,0.913439,0.066369,2.220773,6694
554,03-01-2010,0.869635,0.361398,187.000000,0.901309,0.075131,2.479376,9167
554,03-01-2011,2.706799,0.479548,68.000000,0.935362,0.048616,2.427649,7489
554,04-01-2010,0.787156,0.356919,192.000000,0.899575,0.076266,2.398701,9303
554,05-01-2010,0.878399,0.307635,190.000000,0.895170,0.081014,2.452001,8605
554,06-01-2010,1.205023,0.323734,194.000000,0.888687,0.086186,2.575030,7809
554,07-01-2010,1.265724,0.329176,202.000000,0.884607,0.089461,2.537267,6507
554,07-01-2011,3.426220,0.532157,69.000000,0.930552,0.052553,2.529311,7114
554,08-01-2010,1.233847,0.370007,206.000000,0.871888,0.100459,2.009028,7976
554,08-01-2011,4.186812,0.563427,63.000000,0.943536,0.041534,2.470719,6325
554,09-01-2010,1.522358,0.392435,191.000000,0.880567,0.095484,2.079319,9079
554,09-01-2011,4.228074,0.584402,61.000000,0.946521,0.039672,2.522295,4199
554,10-01-2010,1.761983,0.413208,127.000000,0.885428,0.089726,2.012707,8297
554,11-01-2010,2.900007,0.455585,72.000000,0.909820,0.072961,2.048701,8122
554,12-01-2010,3.032391,0.464805,71.000000,0.907540,0.076249,2.213282,8228
56,01-01-2010,3.816832,0.348940,29.000000,0.113087,0.880169,2.052133,663
56,01-01-2011,2.628512,0.720165,39.000000,0.777213,0.211545,2.571190,24244
56,02-01-2010,3.837937,0.354780,34.000000,0.272134,0.721781,2.712770,6889
56,02-01-2011,2.358026,0.773206,40.000000,0.833086,0.155453,2.661635,21042
56,03-01-2010,4.006890,0.357308,34.000000,0.308546,0.683063,2.663030,13398
56,03-01-2011,2.646166,0.818552,33.000000,0.662439,0.325161,2.818749,17059
56,04-01-2010,4.879156,0.359199,38.000000,0.210872,0.780926,2.701439,14113
56,05-01-2010,4.975680,0.385584,38.000000,0.232361,0.757080,2.790221,15994
56,06-01-2010,5.063967,0.402392,38.000000,0.237397,0.752910,2.910253,12341
56,07-01-2010,5.740334,0.442143,39.000000,0.205282,0.785410,2.813835,10578
56,07-01-2011,6.806787,0.925434,22.000000,0.287480,0.705789,2.870168,14601
56,08-01-2010,4.419743,0.569546,51.000000,0.251415,0.738760,2.340845,18274
56,08-01-2011,5.827251,0.952087,22.000000,0.275704,0.717737,2.840727,11668
56,09-01-2010,4.663169,0.572640,44.000000,0.255220,0.734500,2.474821,17242
56,09-01-2011,6.901701,0.965370,22.000000,0.269817,0.721026,2.733878,7271
56,10-01-2010,4.801998,0.655053,39.000000,0.257045,0.733691,2.554295,18392
56,11-01-2010,3.818689,0.662918,39.000000,0.331026,0.660404,2.496946,22496
56,12-01-2010,2.517219,0.710717,39.000000,0.757721,0.230995,2.586602,24483
578,01-01-2010,4.886561,0.490985,51.000000,0.219112,0.770845,2.515312,1437
578,01-01-2011,4.713995,0.593309,40.000000,0.338253,0.649804,2.448761,16129
578,02-01-2010,5.220386,0.552607,47.000000,0.234209,0.758318,2.932667,8314
578,02-01-2011,4.201115,0.601844,41.000000,0.308382,0.681787,2.386960,14186
578,03-01-2010,4.919608,0.544476,46.000000,0.166408,0.824187,2.881497,14446
578,03-01-2011,4.421205,0.608855,40.000000,0.321430,0.667229,2.497603,13949
578,04-01-2010,4.903633,0.543547,43.000000,0.156281,0.834776,2.915051,17692
578,05-01-2010,5.190411,0.554671,42.000000,0.159978,0.831222,3.008116,16893
578,06-01-2010,5.736052,0.561746,40.000000,0.157711,0.834353,3.383864,15069
578,07-01-2010,5.670096,0.551322,38.000000,0.145159,0.846775,3.189229,12937
578,07-01-2011,5.462010,0.678398,40.000000,0.226928,0.765569,2.817113,11118
578,08-01-2010,4.854572,0.575225,40.000000,0.270688,0.718034,2.296421,18871
578,08-01-2011,5.579890,0.767113,38.000000,0.284660,0.708002,2.984680,12867
578,09-01-2010,4.487583,0.592699,40.000000,0.303795,0.685049,2.371398,18534
578,09-01-2011,6.236179,0.832296,38.000000,0.290437,0.699993,3.056178,12007
578,10-01-2010,4.595473,0.570014,40.000000,0.242058,0.748286,2.397376,16785
578,11-01-2010,4.612040,0.579622,41.000000,0.251452,0.739090,2.329916,14945
578,12-01-2010,4.653726,0.566555,40.000000,0.328348,0.662251,2.423195,15082
616,01-01-2010,1.422184,0.223830,59.000000,0.524806,0.466512,1.354521,4402
616,01-01-2011,1.934223,0.368336,50.000000,0.555155,0.432651,1.378942,67207
616,02-01-2010,1.363473,0.222174,69.000000,0.464282,0.526086,1.248592,22396
616,02-01-2011,2.005602,0.385167,51.000000,0.465824,0.522702,1.439980,57907
616,03-01-2010,1.835165,0.229884,54.500000,0.287531,0.702322,1.359288,47725
616,03-01-2011,2.461878,0.401302,50.000000,0.455097,0.532792,1.585685,56258
616,04-01-2010,1.863966,0.227778,53.000000,0.249537,0.740804,1.462449,59736
616,05-01-2010,1.926017,0.229369,50.000000,0.215632,0.774226,1.516409,60655
616,06-01-2010,1.987631,0.231890,50.000000,0.200593,0.788722,1.664591,48532
616,07-01-2010,1.963495,0.230779,50.000000,0.187992,0.800945,1.562244,43731
616,07-01-2011,2.658577,0.413835,48.000000,0.398585,0.589349,1.769133,43095
616,08-01-2010,1.894782,0.267649,51.000000,0.275069,0.714598,1.307288,43261
616,08-01-2011,2.923562,0.420844,47.000000,0.350113,0.635813,1.748247,36105
616,09-01-2010,1.934942,0.328310,51.000000,0.330968,0.657188,1.374516,47908
616,09-01-2011,3.145339,0.435417,48.000000,0.445746,0.542000,2.007179,38115
616,10-01-2010,2.029784,0.345556,51.000000,0.345214,0.643383,1.394750,54244
616,11-01-2010,1.934541,0.353306,50.000000,0.394140,0.595184,1.350168,57404
616,12-01-2010,1.936316,0.361612,51.000000,0.435435,0.551970,1.409058,60230
620,01-01-2010,4.345083,0.409494,55.000000,0.433723,0.557159,2.533239,9496
620,01-01-2011,3.466548,0.453823,57.000000,0.633184,0.358073,2.168862,26623
620,02-01-2010,4.306048,0.416668,56.000000,0.575212,0.415064,2.703728,13562
620,02-01-2011,3.246844,0.416016,60.000000,0.644787,0.344704,2.170970,23006
620,03-01-2010,2.419826,0.350363,56.000000,0.820998,0.168064,2.614469,29016
620,03-01-2011,3.423836,0.412305,61.000000,0.721351,0.269415,2.317556,24491
620,04-01-2010,2.217584,0.332965,57.000000,0.852976,0.136556,2.697166,38195
620,05-01-2010,3.443142,0.402382,57.000000,0.750458,0.240427,3.014558,33149
620,06-01-2010,3.955476,0.409562,57.000000,0.697529,0.293309,3.163853,31682
620,07-01-2010,4.267183,0.411280,57.000000,0.548668,0.442117,2.940596,27512
620,07-01-2011,4.437997,0.468576,59.000000,0.509586,0.481215,2.469159,18662
620,08-01-2010,3.892304,0.412103,57.000000,0.558251,0.433064,2.364419,26489
620,08-01-2011,4.162557,0.475598,62.000000,0.500362,0.489289,2.490001,12459
620,09-01-2010,3.310270,0.410164,59.000000,0.726997,0.262909,2.468156,34977
620,09-01-2011,3.904852,0.473964,66.000000,0.540915,0.447344,2.419744,8458
620,10-01-2010,3.049464,0.412192,58.000000,0.786834,0.202937,2.529257,42669
620,11-01-2010,3.051979,0.421078,56.000000,0.711409,0.279225,2.282106,32367
620,12-01-2010,3.228524,0.442005,58.000000,0.723927,0.266235,2.157425,30003
642,01-01-2010,4.607332,0.884750,57.000000,0.315683,0.676606,1.339876,4915
642,01-01-2011,4.238002,0.965158,86.000000,0.389654,0.600436,1.500135,43097
642,02-01-2010,4.618034,0.965127,67.000000,0.310160,0.681621,1.638475,21237
642,02-01-2011,4.740822,1.206680,80.000000,0.334689,0.656400,1.506414,36925
642,03-01-2010,4.653240,1.085497,76.000000,0.246709,0.744125,1.640802,34146
642,03-01-2011,5.344876,1.408256,77.000000,0.323539,0.668390,1.593553,35155
642,04-01-2010,4.510269,1.126164,82.000000,0.255144,0.737081,1.638779,57814
642,05-01-2010,5.228375,1.326256,69.000000,0.246394,0.745657,1.737055,62669
642,06-01-2010,4.859775,1.206619,86.000000,0.230158,0.760792,1.772670,54221
642,07-01-2010,4.550621,1.085590,93.000000,0.186821,0.802857,1.658289,44035
642,07-01-2011,5.578377,1.527797,74.000000,0.458717,0.533038,1.735169,32504
642,08-01-2010,4.172270,1.005444,103.000000,0.192561,0.798348,1.396476,24889
642,08-01-2011,4.639219,1.526508,78.000000,0.660954,0.330595,1.770198,29695
642,09-01-2010,4.041824,1.045695,107.000000,0.231717,0.759729,1.400436,27415
642,09-01-2011,6.462131,1.808653,75.000000,0.541592,0.450390,1.940962,27308
642,10-01-2010,4.068710,1.082141,103.000000,0.249884,0.740559,1.428091,30898
642,11-01-2010,4.283502,1.005564,89.000000,0.268073,0.721635,1.428894,30148
642,12-01-2010,4.429095,0.965551,84.000000,0.317553,0.671535,1.497849,37433
688,05-01-2010,,0.168975,,,,,
688,06-01-2010,,0.167882,,,,,
688,07-01-2010,,0.169776,,,,,
70,01-01-2010,,0.085807,90.000000,0.814960,0.178320,0.802817,
70,01-01-2011,0.750225,0.138275,83.000000,0.911181,0.068095,1.253556,2631
70,02-01-2010,0.708607,0.112534,78.000000,0.837750,0.148854,0.668998,592
70,02-01-2011,0.828797,0.146688,81.000000,0.909981,0.072363,1.212199,2518
70,03-01-2010,0.803646,0.130318,80.000000,0.824728,0.164647,1.254187,1126
70,03-01-2011,1.044364,0.161873,80.000000,0.926986,0.056162,1.429102,3678
70,04-01-2010,0.841659,0.134830,77.000000,0.808728,0.176533,1.093903,1901
70,05-01-2010,0.850943,0.136929,79.000000,0.902722,0.082408,1.254863,2168
70,06-01-2010,0.901483,0.139298,83.000000,0.878257,0.107399,1.201190,1896
70,07-01-2010,0.844532,0.134808,90.000000,0.908716,0.072902,1.095553,1649
70,07-01-2011,1.414528,0.157298,74.000000,0.945876,0.042273,1.318494,2413
70,08-01-2010,0.741462,0.135645,91.000000,0.944818,0.035441,1.163636,1903
70,08-01-2011,1.425556,0.162690,75.000000,0.949682,0.036596,1.264178,2242
70,09-01-2010,0.707499,0.128267,95.000000,0.933691,0.045120,1.207950,1748
70,09-01-2011,1.451706,0.168403,76.000000,0.950007,0.037313,1.511619,2030
70,10-01-2010,0.783421,0.137208,88.000000,0.908166,0.068893,1.123821,1788
70,11-01-2010,0.705777,0.130300,86.000000,0.921851,0.062135,1.110495,2222
70,12-01-2010,0.752881,0.141383,80.000000,0.921006,0.056953,1.192783,2299
703,01-01-2010,2.221126,0.269677,46.000000,0.842808,0.151097,1.558938,961
703,01-01-2011,2.230485,0.309659,47.000000,0.853359,0.139327,1.612897,14809
703,02-01-2010,2.199631,0.273215,51.000000,0.816234,0.174855,1.466726,3147
703,02-01-2011,2.215467,0.363895,49.000000,0.858793,0.133762,1.621956,14730
703,03-01-2010,2.235567,0.281640,46.000000,0.808145,0.180698,1.562660,8046
703,03-01-2011,2.251051,0.381655,48.000000,0.856712,0.135967,1.727524,13611
703,04-01-2010,2.247918,0.277506,45.000000,0.837521,0.155369,1.675329,11338
703,05-01-2010,2.269099,0.281632,43.000000,0.845121,0.146740,1.840764,11493
703,06-01-2010,2.255011,0.281423,42.000000,0.843260,0.149626,1.897373,9918
703,07-01-2010,2.228932,0.280418,43.000000,0.830611,0.160947,1.847839,9614
703,07-01-2011,2.283656,0.396916,47.000000,0.851736,0.141176,1.815140,12124
703,08-01-2010,2.199656,0.280332,46.000000,0.844048,0.148468,1.501223,9116
703,08-01-2011,2.294444,0.405952,46.000000,0.851128,0.142129,1.846404,9886
703,09-01-2010,2.183224,0.283333,45.000000,0.859583,0.132345,1.610399,10230
703,09-01-2011,2.313474,0.445203,47.000000,0.852612,0.140653,2.145330,8773
703,10-01-2010,2.196418,0.284170,46.000000,0.854295,0.138763,1.566281,10947
703,11-01-2010,2.230281,0.283866,46.000000,0.851864,0.141212,1.543145,11373
703,12-01-2010,2.224097,0.288989,47.000000,0.851846,0.141227,1.543824,13260
705,01-01-2010,3.454782,0.352250,50.000000,0.169947,0.820980,1.956603,748
705,01-01-2011,2.845603,0.436310,46.000000,0.198520,0.792659,1.517892,6765
705,02-01-2010,3.260615,0.406906,53.000000,0.255183,0.733051,2.175150,2402
705,02-01-2011,2.710090,0.432050,48.000000,0.201745,0.788270,1.467530,6093
705,03-01-2010,3.586154,0.474577,46.000000,0.159403,0.832267,2.314984,6099
705,03-01-2011,3.038170,0.436640,48.000000,0.193433,0.797730,1.604917,5628
705,04-01-2010,3.501823,0.419235,45.000000,0.135066,0.856909,2.379724,8106
705,05-01-2010,3.559344,0.419790,45.000000,0.128886,0.863489,2.404682,8274
705,06-01-2010,3.552907,0.423528,40.000000,0.111773,0.879115,2.741953,6813
705,07-01-2010,3.460628,0.414636,41.000000,0.111518,0.880366,2.492289,5807
705,07-01-2011,3.561308,0.652495,51.000000,0.269180,0.720690,1.841222,6203
705,08-01-2010,2.954777,0.408407,44.000000,0.145857,0.844028,1.522675,4846
705,08-01-2011,3.603273,0.643512,48.000000,0.272088,0.715971,1.901198,5228
705,09-01-2010,2.673992,0.412906,44.000000,0.166350,0.823763,1.498138,5276
705,09-01-2011,3.745833,0.675795,48.000000,0.238804,0.750586,1.966492,4697
705,10-01-2010,2.854460,0.416494,44.000000,0.145038,0.848134,1.549909,5439
705,11-01-2010,2.910352,0.425623,43.000000,0.192137,0.799023,1.626915,6068
705,12-01-2010,2.532089,0.421907,45.000000,0.217682,0.772608,1.594656,6339
724,01-01-2010,2.853995,0.215599,79.000000,0.155174,0.835359,1.497760,2472
724,01-01-2011,2.890462,0.391675,78.000000,0.333201,0.658343,1.588189,51340
724,02-01-2010,2.606423,0.212779,79.000000,0.152254,0.837314,1.402097,16063
724,02-01-2011,3.226157,0.402936,77.000000,0.319192,0.671245,1.654629,41913
724,03-01-2010,2.708171,0.214254,78.000000,0.140326,0.850557,1.428623,32850
724,03-01-2011,3.331328,0.406670,76.000000,0.417132,0.573466,1.809868,42622
724,04-01-2010,2.893850,0.216337,76.000000,0.144157,0.847372,1.541617,46843
724,05-01-2010,3.287992,0.260132,75.000000,0.135772,0.856699,1.658919,43144
724,06-01-2010,3.469152,0.339731,75.000000,0.138676,0.853218,1.861622,35557
724,07-01-2010,3.596298,0.354134,75.000000,0.139092,0.852888,1.823440,30484
724,07-01-2011,3.863557,0.428504,75.000000,0.338543,0.653108,2.045698,34401
724,08-01-2010,2.912934,0.357309,77.000000,0.218027,0.771071,1.431363,48542
724,08-01-2011,3.342728,0.421566,79.000000,0.373586,0.616014,1.999548,22095
724,09-01-2010,2.995073,0.369076,76.000000,0.289584,0.699262,1.493841,55579
724,09-01-2011,3.226900,0.429945,87.000000,0.302115,0.686186,1.729248,12487
724,10-01-2010,3.107998,0.377469,76.000000,0.294229,0.695407,1.506090,57588
724,11-01-2010,3.132873,0.386917,77.000000,0.243596,0.746633,1.487227,51356
724,12-01-2010,3.078132,0.389766,78.000000,0.248907,0.740032,1.501112,50613
752,01-01-2010,6.471837,0.729890,45.000000,0.450658,0.536488,2.459714,2893
752,01-01-2011,6.530460,0.800466,34.000000,0.445478,0.544514,2.354693,38502
752,02-01-2010,7.146140,0.764524,42.000000,0.428594,0.564879,2.900822,19374
752,02-01-2011,6.406329,0.787207,35.000000,0.541473,0.447343,2.426804,32497
752,03-01-2010,7.061158,0.771451,37.000000,0.259707,0.732390,2.858389,35042
752,03-01-2011,6.666647,0.844217,34.000000,0.557178,0.429506,2.577678,32108
752,04-01-2010,7.215335,0.764122,33.000000,0.224917,0.767551,2.915220,45486
752,05-01-2010,7.219399,0.763439,31.000000,0.241874,0.750835,2.976802,46587
752,06-01-2010,7.412264,0.761953,31.000000,0.247844,0.745237,3.294722,39460
752,07-01-2010,6.980052,0.739613,31.000000,0.237593,0.754661,3.054461,33871
752,07-01-2011,7.176629,0.860685,37.000000,0.623851,0.364394,2.766668,31489
752,08-01-2010,6.638477,0.745882,31.000000,0.340017,0.651258,2.194090,42175
752,08-01-2011,7.937234,0.925287,33.000000,0.671645,0.318278,2.803358,32804
752,09-01-2010,6.599358,0.759634,32.000000,0.417819,0.569990,2.310533,41441
752,09-01-2011,8.534236,0.965417,33.000000,0.709086,0.279011,2.916377,29187
752,10-01-2010,6.634071,0.764297,32.000000,0.407481,0.582080,2.284844,38095
752,11-01-2010,6.615014,0.777893,33.000000,0.459880,0.530266,2.308683,35906
752,12-01-2010,6.600630,0.792998,34.000000,0.464604,0.525829,2.362266,34781
756,01-01-2010,4.263928,0.446163,33.000000,0.142482,0.848735,2.352941,573
756,01-01-2011,4.702810,0.483937,36.000000,0.222632,0.768106,2.581012,10057
756,02-01-2010,4.340124,0.448173,34.000000,0.167698,0.823928,2.748549,2196
756,02-01-2011,4.687261,0.493112,35.000000,0.216380,0.776673,2.596543,8044
756,03-01-2010,4.531392,0.450466,33.000000,0.105442,0.888441,2.683328,4398
756,03-01-2011,4.933220,0.522829,35.000000,0.184865,0.808328,2.786870,7463
756,04-01-2010,4.679585,0.451355,33.000000,0.085962,0.908254,2.834677,6473
756,05-01-2010,4.605684,0.452531,34.000000,0.087253,0.907390,2.946315,6572
756,06-01-2010,4.687328,0.453651,34.000000,0.094695,0.899667,3.154744,4966
756,07-01-2010,4.723585,0.454068,34.000000,0.086690,0.907749,2.978556,3970
756,07-01-2011,4.786446,0.710009,35.000000,0.333621,0.651695,2.920067,6758
756,08-01-2010,4.581870,0.447415,36.000000,0.196124,0.793744,2.322535,10199
756,08-01-2011,5.057799,0.739329,37.000000,0.336628,0.650406,3.011656,5647
756,09-01-2010,4.705895,0.449448,37.000000,0.245990,0.746578,2.506447,10042
756,09-01-2011,5.837293,0.862262,40.000000,0.307804,0.680339,3.019412,4561
756,10-01-2010,4.674809,0.451249,37.000000,0.169105,0.823622,2.450364,9801
756,11-01-2010,4.580288,0.458474,38.000000,0.213393,0.778214,2.475812,10144
756,12-01-2010,4.530179,0.469044,37.000000,0.248643,0.741575,2.545283,9842
792,01-01-2010,1.067438,0.297720,106.000000,0.936355,0.050120,1.512154,966
792,01-01-2011,0.736896,0.406968,140.000000,0.950120,0.032616,1.771841,47278
792,02-01-2010,0.885556,0.216608,138.000000,0.923345,0.059420,1.573211,9694
792,02-01-2011,0.822567,0.431373,141.000000,0.938218,0.044823,1.928131,45949
792,03-01-2010,0.844961,0.323718,142.000000,0.930218,0.054104,1.647862,19849
792,03-01-2011,1.129670,0.443837,131.000000,0.799083,0.182765,2.010369,38900
792,04-01-2010,0.822081,0.328146,144.000000,0.933249,0.050825,1.745589,41408
792,05-01-2010,0.848778,0.335446,142.000000,0.932942,0.052676,1.770760,52296
792,06-01-2010,1.220524,0.359877,134.000000,0.930335,0.056118,1.837345,48825
792,07-01-2010,1.338932,0.379754,134.000000,0.928584,0.057248,1.813221,41229
792,07-01-2011,2.320880,0.482745,120.000000,0.632091,0.357030,2.208573,26017
792,08-01-2010,0.878962,0.343277,135.000000,0.936079,0.048028,1.571073,33223
792,08-01-2011,2.096277,0.487539,126.000000,0.725759,0.262241,2.127395,27218
792,09-01-2010,0.934590,0.373738,142.000000,0.932388,0.051220,1.645075,34301
792,09-01-2011,2.383909,0.488296,126.000000,0.647268,0.341668,2.297778,23670
792,10-01-2010,0.807663,0.395967,138.000000,0.943132,0.039570,1.681036,41919
792,11-01-2010,0.792871,0.402352,136.000000,0.947620,0.035122,1.708023,43315
792,12-01-2010,0.768916,0.403394,141.000000,0.947033,0.036174,1.740311,43529
8,01-01-2011,0.442809,0.189900,138.000000,0.964454,0.007952,1.054832,1355
8,02-01-2010,0.482547,0.180239,125.000000,0.954554,0.009815,0.865330,321
8,02-01-2011,0.409600,0.194018,140.000000,0.963165,0.006126,1.025000,1290
8,03-01-2010,0.415140,0.177819,143.500000,0.957921,0.008153,0.630517,709
8,03-01-2011,0.489632,0.211500,133.000000,0.962813,0.012854,1.241181,1252
8,04-01-2010,0.492202,0.198904,136.000000,0.955748,0.011638,0.676491,1320
8,05-01-2010,0.505253,0.201183,130.000000,0.956958,0.014669,0.625172,1319
8,06-01-2010,0.525922,0.201168,126.000000,0.963828,0.003554,0.914479,1091
8,07-01-2010,0.521384,0.203865,128.500000,0.962786,0.001208,0.789954,1018
8,07-01-2011,0.751008,0.223550,117.000000,0.951735,0.026294,1.181250,942
8,08-01-2010,0.487765,0.280585,134.000000,0.963881,0.006784,0.873742,995
8,08-01-2011,0.779757,0.242303,125.000000,0.951939,0.024853,1.254377,853
8,09-01-2010,0.492186,0.269069,136.000000,0.960432,0.011025,0.911129,1105
8,09-01-2011,0.769060,0.248591,122.000000,0.954504,0.026241,1.373767,873
8,10-01-2010,0.489653,0.247699,125.000000,0.964316,0.010606,0.947264,1371
8,11-01-2010,0.557080,0.248402,127.000000,0.960673,0.012260,0.744712,1230
8,12-01-2010,0.521754,0.220523,136.000000,0.958762,0.014030,0.792491,1319
804,01-01-2010,0.970125,0.412109,82.000000,0.847257,0.138162,1.207773,9901
804,01-01-2011,1.461630,0.585554,116.000000,0.823417,0.163213,0.950815,99905
804,02-01-2010,0.946108,0.400319,104.000000,0.685606,0.300291,0.927432,26707
804,02-01-2011,1.612923,0.594685,105.000000,0.821121,0.165483,1.003919,88549
804,03-01-2010,0.946311,0.397943,107.000000,0.655006,0.331890,0.838147,54247
804,03-01-2011,1.847766,0.619190,99.000000,0.758359,0.229630,1.056275,85300
804,04-01-2010,0.952614,0.402315,113.000000,0.647231,0.339682,0.898362,87359
804,05-01-2010,0.955923,0.404424,115.000000,0.677017,0.309705,1.084379,90585
804,06-01-2010,1.043096,0.506258,113.000000,0.581020,0.408638,1.106526,80350
804,07-01-2010,1.336011,0.539995,111.000000,0.368844,0.616197,1.028149,73106
804,07-01-2011,2.370939,0.763469,94.000000,0.798277,0.190015,1.210041,61795
804,08-01-2010,1.549186,0.563037,107.000000,0.407550,0.580590,0.872487,57557
804,08-01-2011,2.085204,0.750401,98.000000,0.851728,0.135245,1.362515,59726
804,09-01-2010,1.389532,0.589836,110.000000,0.615981,0.373581,0.904562,65841
804,09-01-2011,2.296259,0.816824,100.000000,0.846728,0.141755,1.507093,55406
804,10-01-2010,1.438602,0.585582,111.000000,0.682037,0.305227,0.872730,75219
804,11-01-2010,1.636560,0.603337,110.000000,0.676171,0.312373,0.897180,73209
804,12-01-2010,1.598184,0.602574,109.000000,0.721997,0.265386,0.906540,85178
807,01-01-2010,,0.410439,,,,,
807,01-01-2011,2.103770,0.362164,111.000000,0.917787,0.070964,1.495562,5755
807,02-01-2010,2.438078,0.403166,68.000000,0.842331,0.148859,1.940932,843
807,02-01-2011,2.058827,0.400239,95.000000,0.909017,0.076134,1.457236,3082
807,03-01-2010,2.661603,0.398129,82.000000,0.798859,0.191080,1.768915,1542
807,03-01-2011,2.683196,0.419288,87.000000,0.904948,0.081382,1.459036,3267
807,04-01-2010,2.780107,0.408420,83.000000,0.781779,0.209287,1.687336,2679
807,05-01-2010,2.245323,0.402221,93.000000,0.895546,0.089631,1.770508,3083
807,06-01-2010,2.518472,0.402069,86.000000,0.837155,0.147963,1.896543,2742
807,07-01-2010,2.720202,0.402258,87.000000,0.816603,0.172201,1.725990,2403
807,07-01-2011,3.071791,0.433537,97.000000,0.817418,0.172922,1.655468,1906
807,08-01-2010,1.816593,0.394563,94.000000,0.884863,0.092822,1.630401,1840
807,08-01-2011,2.720083,0.457987,97.000000,0.900411,0.087253,1.607961,1926
807,09-01-2010,1.400259,0.387881,91.000000,0.905628,0.070831,1.353593,2194
807,09-01-2011,3.110219,0.469356,95.000000,0.906310,0.081982,1.970528,1846
807,10-01-2010,1.483094,0.395242,85.000000,0.907871,0.073710,1.596259,2315
807,11-01-2010,1.824178,0.398884,86.000000,0.890131,0.084811,1.522942,2123
807,12-01-2010,2.460311,0.405913,89.000000,0.892247,0.090045,1.641387,2827
826,01-01-2010,3.456549,0.359882,34.000000,0.592603,0.400055,2.101680,12552
826,01-01-2011,3.709111,0.432688,34.000000,0.694019,0.297660,2.450525,149819
826,02-01-2010,4.229693,0.386849,31.000000,0.448847,0.544258,2.622774,73601
826,02-01-2011,4.009539,0.476508,35.000000,0.679588,0.311897,2.248333,154569
826,03-01-2010,4.178245,0.389730,32.000000,0.540320,0.452572,2.597832,134827
826,03-01-2011,4.044526,0.492814,34.000000,0.655947,0.335800,2.322670,152901
826,04-01-2010,4.210566,0.391516,32.000000,0.587152,0.405267,2.634768,141878
826,05-01-2010,3.943828,0.396925,31.000000,0.642349,0.350307,2.715621,140407
826,06-01-2010,4.357812,0.400743,31.000000,0.573269,0.419494,2.872560,117017
826,07-01-2010,4.642288,0.401085,31.000000,0.492243,0.501551,2.662913,111917
826,07-01-2011,4.731790,0.556962,33.000000,0.503266,0.489723,2.517359,121939
826,08-01-2010,4.105894,0.387501,34.000000,0.701723,0.289686,2.179809,171633
826,08-01-2011,4.579309,0.561376,32.000000,0.547103,0.446173,2.540317,123836
826,09-01-2010,4.035435,0.392344,34.000000,0.735720,0.254598,2.282424,160627
826,09-01-2011,4.400960,0.568576,32.000000,0.583823,0.408924,2.627490,113057
826,10-01-2010,3.993078,0.400529,34.000000,0.683631,0.307779,2.279090,124122
826,11-01-2010,3.743192,0.405030,36.000000,0.693765,0.296882,2.300366,124254
826,12-01-2010,3.677736,0.413998,35.000000,0.721210,0.269180,2.464686,141293
840,01-01-2010,4.305757,0.610928,34.000000,0.532715,0.459651,2.222682,29093
840,01-01-2011,3.780577,0.716687,38.000000,0.817212,0.169330,2.405583,358051
840,02-01-2010,4.896822,0.759735,28.000000,0.471256,0.521843,2.842889,324234
840,02-01-2011,3.729375,0.704736,43.000000,0.811431,0.173622,2.513405,300666
840,03-01-2010,4.808316,0.763576,30.000000,0.404661,0.588235,2.663011,513636
840,03-01-2011,3.978320,0.720480,39.000000,0.807874,0.176144,2.582775,273828
840,04-01-2010,4.848121,0.762494,28.000000,0.389470,0.603257,2.728187,390992
840,05-01-2010,4.885395,0.763991,28.000000,0.385395,0.608073,2.792297,390436
840,06-01-2010,4.898706,0.760039,28.000000,0.386683,0.606691,2.838229,362607
840,07-01-2010,4.963069,0.731947,29.000000,0.382332,0.611135,2.750117,308765
840,07-01-2011,4.400694,0.781807,39.000000,0.810852,0.169260,2.786550,281965
840,08-01-2010,4.305716,0.751366,35.000000,0.610033,0.377941,2.207883,428832
840,08-01-2011,4.700354,0.796461,37.000000,0.825348,0.152985,2.842832,268402
840,09-01-2010,4.335064,0.760908,32.000000,0.648344,0.341725,2.282520,416822
840,09-01-2011,4.981471,0.804585,36.000000,0.783631,0.203319,2.858040,232362
840,10-01-2010,4.248034,0.745475,33.000000,0.597927,0.392376,2.248175,346696
840,11-01-2010,3.948101,0.732582,36.000000,0.622635,0.367219,2.285132,352733
840,12-01-2010,3.898946,0.713954,37.000000,0.763067,0.224571,2.433956,380550
