mlab_site,month,DownloadThroughputSplitByClientAndByServer,UploadThroughputSplitByClientAndByServer,RTTSplitByClientAndByServer,NetLimitedSplitByClientAndByServer,ClientLimitedSplitByClientAndByServer,WinScaleRcvdSplitByClientAndByServer,NumberOfClientsSplitByClientAndByServer
AU-NSW-Sydney,01-01-2011,1.082778,0.401761,291.000000,0.645397,0.333671,1.781727,163587
AU-NSW-Sydney,02-01-2011,0.959951,0.390846,289.000000,0.721427,0.255498,1.793005,134220
AU-NSW-Sydney,03-01-2011,0.839576,0.380798,281.000000,0.795851,0.174616,1.984628,165759
AU-NSW-Sydney,06-01-2010,0.851128,0.362221,289.000000,0.635343,0.347558,1.757096,139156
AU-NSW-Sydney,07-01-2010,0.956047,0.395852,292.000000,0.466469,0.517854,1.577050,156601
AU-NSW-Sydney,07-01-2011,1.233650,0.411387,289.000000,0.736431,0.239956,2.074084,138766
AU-NSW-Sydney,08-01-2010,0.953384,0.372890,279.000000,0.659254,0.320114,1.593855,173283
AU-NSW-Sydney,08-01-2011,1.277703,0.423729,284.000000,0.756960,0.216926,2.161132,147208
AU-NSW-Sydney,09-01-2010,1.044116,0.352115,232.000000,0.767290,0.207150,1.776456,179298
AU-NSW-Sydney,09-01-2011,1.331614,0.411065,274.000000,0.785668,0.187083,2.294694,129219
AU-NSW-Sydney,10-01-2010,0.983613,0.343178,225.000000,0.763717,0.211608,1.784936,173086
AU-NSW-Sydney,11-01-2010,1.002498,0.352181,244.000000,0.738845,0.235597,1.820765,155911
AU-NSW-Sydney,12-01-2010,1.086051,0.376372,277.000000,0.649162,0.330435,1.792410,149302
DE-Hamburg,01-01-2011,3.140645,0.492688,48.000000,0.655747,0.332027,1.830635,462385
DE-Hamburg,02-01-2011,2.969825,0.506818,48.000000,0.685288,0.301128,1.848415,389875
DE-Hamburg,03-01-2010,2.222488,0.498703,54.000000,0.506641,0.482987,1.840176,307974
DE-Hamburg,03-01-2011,3.414732,0.522277,47.000000,0.668574,0.316170,1.976940,394407
DE-Hamburg,04-01-2010,2.438554,0.487313,51.000000,0.495468,0.494203,1.934849,481679
DE-Hamburg,05-01-2010,2.665940,0.510472,50.000000,0.437678,0.550682,1.967233,507351
DE-Hamburg,06-01-2010,2.886881,0.512452,46.000000,0.450863,0.539456,2.149402,417921
DE-Hamburg,07-01-2010,2.891965,0.498042,45.000000,0.440528,0.550206,2.078441,360646
DE-Hamburg,07-01-2011,3.985271,0.585111,46.000000,0.601821,0.384406,2.175296,282935
DE-Hamburg,08-01-2010,3.054345,0.452533,46.000000,0.540162,0.447482,1.834537,408294
DE-Hamburg,08-01-2011,4.384659,0.608984,46.000000,0.604686,0.384418,2.252789,300644
DE-Hamburg,09-01-2010,2.925195,0.449590,48.000000,0.651476,0.333056,1.873931,446035
DE-Hamburg,09-01-2011,4.618430,0.643949,46.000000,0.654219,0.333626,2.330715,262907
DE-Hamburg,10-01-2010,2.964360,0.455091,48.000000,0.633948,0.353274,1.845274,436550
DE-Hamburg,11-01-2010,2.951842,0.458595,48.000000,0.647906,0.339282,1.829259,445226
DE-Hamburg,12-01-2010,3.075623,0.475818,48.000000,0.635542,0.350519,1.813852,440736
FR-Paris,01-01-2010,1.872007,0.339075,64.000000,0.753315,0.233316,1.801989,54057
FR-Paris,01-01-2011,2.014998,0.348423,68.000000,0.779795,0.205224,1.671519,391131
FR-Paris,02-01-2010,2.280728,0.315397,65.000000,0.519685,0.468886,1.734899,113278
FR-Paris,02-01-2011,2.043933,0.353437,68.000000,0.774706,0.210111,1.692585,323515
FR-Paris,03-01-2010,2.066064,0.307486,64.000000,0.570366,0.417223,1.722493,231834
FR-Paris,03-01-2011,2.120889,0.352022,68.000000,0.797748,0.186359,1.769786,320000
FR-Paris,04-01-2010,2.146944,0.310819,63.000000,0.617720,0.370221,1.848605,402599
FR-Paris,05-01-2010,2.347897,0.321858,63.000000,0.607112,0.380894,1.947832,389781
FR-Paris,06-01-2010,2.433034,0.329014,63.000000,0.616130,0.372706,2.069701,317296
FR-Paris,07-01-2010,2.376019,0.329685,64.000000,0.574159,0.414566,1.975789,272092
FR-Paris,07-01-2011,2.435549,0.393614,69.000000,0.782167,0.201793,1.949368,327719
FR-Paris,08-01-2010,2.469341,0.347146,61.000000,0.636887,0.350553,1.652810,311132
FR-Paris,08-01-2011,2.652890,0.385173,64.000000,0.765945,0.219499,2.026120,72916
FR-Paris,09-01-2010,2.414729,0.353657,61.000000,0.719862,0.266158,1.690199,362929
FR-Paris,10-01-2010,2.147073,0.348538,63.000000,0.754968,0.231153,1.654215,380270
FR-Paris,11-01-2010,2.083361,0.347599,62.000000,0.757825,0.228178,1.660292,404480
FR-Paris,12-01-2010,2.105979,0.350662,66.000000,0.756671,0.228690,1.686713,374076
GR-Athens,01-01-2010,1.086918,0.281496,107.000000,0.837101,0.142527,1.705321,2256
GR-Athens,01-01-2011,0.786424,0.327729,149.000000,0.864486,0.112095,1.402975,487681
GR-Athens,02-01-2010,0.691869,0.241233,164.000000,0.740808,0.234406,1.197375,62511
GR-Athens,02-01-2011,0.834437,0.338282,141.000000,0.866175,0.110754,1.474688,430198
GR-Athens,03-01-2010,0.645915,0.241406,169.000000,0.791972,0.180756,1.368139,201559
GR-Athens,03-01-2011,0.871420,0.337913,140.000000,0.856130,0.120474,1.565406,477398
GR-Athens,04-01-2010,0.661693,0.249360,155.000000,0.829005,0.144629,1.436102,488462
GR-Athens,05-01-2010,0.710620,0.255575,152.000000,0.834389,0.140346,1.529249,573154
GR-Athens,06-01-2010,0.848467,0.283912,139.000000,0.815011,0.161606,1.591384,466407
GR-Athens,07-01-2010,0.840828,0.297490,140.000000,0.800287,0.177115,1.503193,407276
GR-Athens,07-01-2011,1.056097,0.341864,147.000000,0.846772,0.127826,1.758952,371405
GR-Athens,08-01-2010,0.727858,0.290565,158.000000,0.823178,0.152209,1.364281,350368
GR-Athens,08-01-2011,0.874609,0.344421,145.000000,0.886013,0.089484,1.774366,441529
GR-Athens,09-01-2010,0.724122,0.299092,158.000000,0.843229,0.131883,1.394331,380969
GR-Athens,09-01-2011,1.107853,0.358119,140.000000,0.865983,0.110135,1.849706,424295
GR-Athens,10-01-2010,0.734070,0.310992,155.000000,0.849413,0.126011,1.394882,433621
GR-Athens,11-01-2010,0.746939,0.314746,150.000000,0.850949,0.125249,1.389211,397847
GR-Athens,12-01-2010,0.793393,0.321963,145.000000,0.845024,0.130612,1.383485,440974
GR-Athens-2,09-01-2011,2.292103,0.490094,98.000000,0.896781,0.085886,3.030333,21479
NL-Amsterdam,01-01-2010,2.050649,0.426347,53.000000,0.671082,0.318580,1.822619,28471
NL-Amsterdam,01-01-2011,1.735609,0.524155,65.000000,0.829137,0.155884,1.538355,220326
NL-Amsterdam,02-01-2010,2.531674,0.429889,49.000000,0.510159,0.479058,1.991933,76523
NL-Amsterdam,02-01-2011,1.833685,0.517595,66.000000,0.800007,0.184941,1.625828,182988
NL-Amsterdam,03-01-2010,1.331110,0.473909,68.000000,0.854565,0.131658,1.500959,200048
NL-Amsterdam,03-01-2011,2.039756,0.543732,64.000000,0.716427,0.267394,1.700624,137153
NL-Amsterdam,04-01-2010,1.400911,0.497761,69.000000,0.840608,0.146683,1.464215,224380
NL-Amsterdam,05-01-2010,1.550125,0.503284,67.000000,0.826645,0.161328,1.579328,211656
NL-Amsterdam,06-01-2010,1.601747,0.522107,70.000000,0.839364,0.148560,1.654036,187911
NL-Amsterdam,07-01-2010,1.526820,0.509980,73.000000,0.828365,0.159832,1.589080,165135
NL-Amsterdam,07-01-2011,3.148915,0.572218,55.000000,0.663166,0.323774,2.149920,171517
NL-Amsterdam,08-01-2010,1.872645,0.515409,62.000000,0.725471,0.261811,1.410158,162029
NL-Amsterdam,08-01-2011,3.136843,0.583960,57.000000,0.683100,0.303770,2.009249,161838
NL-Amsterdam,09-01-2010,1.995113,0.524632,59.000000,0.748415,0.237642,1.512649,186452
NL-Amsterdam,09-01-2011,3.039323,0.603465,58.000000,0.757371,0.228383,2.010549,144513
NL-Amsterdam,10-01-2010,1.880027,0.523052,60.000000,0.765358,0.220863,1.477370,208033
NL-Amsterdam,11-01-2010,1.793733,0.515836,60.000000,0.812561,0.172940,1.547064,219438
NL-Amsterdam,12-01-2010,1.917583,0.519172,64.000000,0.804544,0.180109,1.692856,228567
NL-Amsterdam-2,01-01-2010,1.225743,0.396709,85.000000,0.888906,0.095422,1.413096,35667
NL-Amsterdam-2,01-01-2011,1.371159,0.531580,78.000000,0.974382,0.009209,1.407871,215443
NL-Amsterdam-2,02-01-2010,2.347828,0.441233,59.000000,0.727276,0.261113,1.967462,140473
NL-Amsterdam-2,02-01-2011,1.350726,0.532706,80.000000,0.974037,0.009261,1.541633,200744
NL-Amsterdam-2,03-01-2010,1.486762,0.500171,75.000000,0.885687,0.100768,1.530677,197406
NL-Amsterdam-2,03-01-2011,1.438937,0.555945,82.000000,0.973282,0.010465,1.538787,180289
NL-Amsterdam-2,04-01-2010,1.486697,0.520052,77.000000,0.886665,0.099956,1.488358,200743
NL-Amsterdam-2,05-01-2010,1.554651,0.522982,77.000000,0.876274,0.110422,1.614094,184754
NL-Amsterdam-2,06-01-2010,1.614619,0.545881,76.000000,0.887724,0.099768,1.669877,167861
NL-Amsterdam-2,07-01-2010,1.563613,0.537483,77.000000,0.876619,0.110697,1.594474,146117
NL-Amsterdam-2,07-01-2011,1.598804,0.603417,87.000000,0.971078,0.012843,2.011133,97245
NL-Amsterdam-2,08-01-2010,1.872251,0.550756,74.000000,0.806128,0.182853,1.551417,141445
NL-Amsterdam-2,08-01-2011,1.622739,0.600361,86.000000,0.971126,0.012022,1.959141,75721
NL-Amsterdam-2,09-01-2010,1.758658,0.540704,77.000000,0.864877,0.122568,1.486501,143334
NL-Amsterdam-2,09-01-2011,1.967667,0.621953,88.000000,0.943032,0.041578,2.031688,70819
NL-Amsterdam-2,10-01-2010,1.617113,0.524935,78.000000,0.875626,0.110733,1.377001,153073
NL-Amsterdam-2,11-01-2010,1.520622,0.518571,79.000000,0.932730,0.052418,1.401116,166551
NL-Amsterdam-2,12-01-2010,1.426006,0.528111,78.000000,0.972310,0.010665,1.392908,204161
NZ-Wellington,09-01-2011,0.685145,0.395992,198.000000,0.955881,0.020027,3.004688,1125
UK-London,01-01-2010,1.630227,0.351649,63.000000,0.802007,0.181187,1.732398,45179
UK-London,01-01-2011,2.523164,0.398262,45.000000,0.746458,0.240743,1.912116,219660
UK-London,02-01-2010,2.368504,0.350785,53.000000,0.677437,0.310622,2.097333,179573
UK-London,02-01-2011,2.932099,0.412208,44.000000,0.723357,0.265022,1.848615,217247
UK-London,03-01-2010,2.307469,0.335805,51.000000,0.714313,0.272198,2.081644,291572
UK-London,03-01-2011,2.901454,0.415683,43.000000,0.725129,0.262853,1.973728,230332
UK-London,04-01-2010,2.375763,0.321823,48.000000,0.721575,0.265027,2.140621,260046
UK-London,05-01-2010,2.286571,0.323577,47.000000,0.730545,0.256502,2.236926,244114
UK-London,06-01-2010,2.666951,0.340972,46.000000,0.694764,0.292962,2.375867,205959
UK-London,07-01-2010,2.888006,0.346016,45.000000,0.635585,0.352926,2.222790,191484
UK-London,07-01-2011,3.265636,0.454444,44.000000,0.617181,0.371748,2.117606,171309
UK-London,08-01-2010,3.204226,0.360794,41.000000,0.708180,0.280493,1.866094,223473
UK-London,08-01-2011,3.410613,0.476549,44.000000,0.647083,0.342056,2.223631,205251
UK-London,09-01-2010,2.992241,0.361776,42.000000,0.740955,0.246026,1.894654,196802
UK-London,09-01-2011,3.228908,0.508609,46.000000,0.702877,0.285064,2.229298,200574
UK-London,10-01-2010,2.970095,0.375641,42.000000,0.728538,0.259342,1.951103,163376
UK-London,11-01-2010,2.693676,0.379301,43.000000,0.728496,0.259597,1.858943,138678
UK-London,12-01-2010,2.504688,0.386908,46.000000,0.747151,0.239848,1.870982,181831
US-CA-LosAngeles,01-01-2010,1.005027,0.268230,200.000000,0.674576,0.307806,1.782829,13911
US-CA-LosAngeles,01-01-2011,1.291571,0.401974,110.000000,0.762058,0.216801,1.713275,67043
US-CA-LosAngeles,02-01-2010,1.470995,0.361897,140.000000,0.699757,0.284511,2.196457,72641
US-CA-LosAngeles,02-01-2011,1.264360,0.396058,125.000000,0.762425,0.215370,1.762293,60529
US-CA-LosAngeles,03-01-2010,1.338399,0.361199,142.000000,0.677784,0.306574,2.100141,126725
US-CA-LosAngeles,03-01-2011,1.257782,0.392870,126.000000,0.788041,0.189208,1.852878,35646
US-CA-LosAngeles,04-01-2010,1.410920,0.362025,136.000000,0.663935,0.321232,2.140076,102336
US-CA-LosAngeles,05-01-2010,1.555640,0.364820,129.000000,0.710763,0.273532,2.178350,100603
US-CA-LosAngeles,06-01-2010,1.880422,0.381716,74.000000,0.712705,0.272450,2.271223,81897
US-CA-LosAngeles,07-01-2010,1.891275,0.370849,80.000000,0.713493,0.272806,2.123967,75412
US-CA-LosAngeles,07-01-2011,1.775575,0.441242,127.000000,0.801905,0.173601,2.234173,36865
US-CA-LosAngeles,08-01-2010,1.827741,0.396954,84.000000,0.716220,0.268380,1.704608,68219
US-CA-LosAngeles,08-01-2011,2.000363,0.460254,97.000000,0.762348,0.218813,2.176280,4201
US-CA-LosAngeles,09-01-2010,1.510218,0.364556,84.000000,0.716354,0.266810,1.709404,64786
US-CA-LosAngeles,09-01-2011,1.943930,0.476693,120.000000,0.758935,0.217528,2.279837,18608
US-CA-LosAngeles,10-01-2010,1.329740,0.362141,97.000000,0.749227,0.233440,1.695671,69390
US-CA-LosAngeles,11-01-2010,1.385531,0.389965,93.000000,0.743139,0.240287,1.721751,74286
US-CA-LosAngeles,12-01-2010,1.449829,0.405233,91.000000,0.727783,0.254960,1.787862,71794
US-CA-MountainView,01-01-2010,1.134192,0.281712,179.000000,0.763373,0.211521,1.717161,6681
US-CA-MountainView,01-01-2011,1.594982,0.461195,83.000000,0.884034,0.090873,2.222919,69026
US-CA-MountainView,02-01-2010,1.830299,0.372764,172.000000,0.813262,0.166881,2.623990,66800
US-CA-MountainView,02-01-2011,1.457944,0.463100,85.000000,0.847652,0.126537,2.226704,46576
US-CA-MountainView,03-01-2010,1.980696,0.380135,169.000000,0.631120,0.354009,2.563814,95770
US-CA-MountainView,03-01-2011,1.419997,0.473613,89.000000,0.818660,0.154819,2.313965,51890
US-CA-MountainView,04-01-2010,1.934316,0.367577,180.000000,0.637672,0.347529,2.566138,83076
US-CA-MountainView,05-01-2010,2.003818,0.382769,181.000000,0.591054,0.395128,2.596348,78748
US-CA-MountainView,06-01-2010,2.500346,0.464846,46.000000,0.446845,0.540907,2.573660,45798
US-CA-MountainView,07-01-2010,2.571420,0.535598,32.000000,0.359762,0.629386,2.420360,33220
US-CA-MountainView,07-01-2011,2.205360,0.526874,70.000000,0.753691,0.226754,2.517024,42723
US-CA-MountainView,08-01-2010,1.714325,0.463445,81.000000,0.773871,0.209350,2.008199,65775
US-CA-MountainView,08-01-2011,2.347939,0.541535,69.000000,0.770382,0.207879,2.595675,53175
US-CA-MountainView,09-01-2010,1.800585,0.464897,77.000000,0.831647,0.147254,2.116255,72608
US-CA-MountainView,09-01-2011,2.275218,0.543081,88.000000,0.780193,0.194897,2.640952,48663
US-CA-MountainView,10-01-2010,1.632311,0.444549,83.000000,0.830804,0.148930,2.089195,63279
US-CA-MountainView,11-01-2010,1.792083,0.450405,75.000000,0.822423,0.157559,2.145603,59366
US-CA-MountainView,12-01-2010,2.061379,0.470034,71.000000,0.849444,0.129461,2.301620,76072
US-FL-Miami,01-01-2010,0.796795,0.227324,166.000000,0.463669,0.517704,1.784776,24863
US-FL-Miami,01-01-2011,1.093911,0.318946,149.000000,0.700312,0.283382,2.070673,95736
US-FL-Miami,02-01-2010,1.047663,0.247508,156.000000,0.527802,0.457667,2.121113,114295
US-FL-Miami,02-01-2011,1.106577,0.330770,147.000000,0.761573,0.220547,2.157736,69309
US-FL-Miami,03-01-2010,0.975557,0.256157,151.000000,0.612632,0.371149,2.184024,173267
US-FL-Miami,03-01-2011,1.062726,0.325304,144.000000,0.785974,0.194005,2.288797,97232
US-FL-Miami,04-01-2010,0.896289,0.244938,154.000000,0.653627,0.329283,2.174516,160061
US-FL-Miami,05-01-2010,0.917009,0.251125,149.000000,0.685295,0.298142,2.250157,161618
US-FL-Miami,06-01-2010,0.962159,0.256559,149.000000,0.711262,0.271365,2.320880,145151
US-FL-Miami,07-01-2010,0.888020,0.250264,153.000000,0.718965,0.262450,2.233157,142365
US-FL-Miami,07-01-2011,1.705620,0.364775,123.000000,0.834019,0.147509,2.598618,78421
US-FL-Miami,08-01-2010,0.934804,0.275096,148.000000,0.768273,0.213458,2.005782,125993
US-FL-Miami,08-01-2011,1.819119,0.363324,125.000000,0.831221,0.150110,2.639859,80472
US-FL-Miami,09-01-2010,0.952631,0.262614,154.000000,0.744809,0.236794,2.090965,137635
US-FL-Miami,09-01-2011,1.798013,0.369283,129.000000,0.827413,0.153812,2.614399,69724
US-FL-Miami,10-01-2010,0.904446,0.261074,157.000000,0.750736,0.230130,2.091923,151725
US-FL-Miami,11-01-2010,1.003523,0.296995,151.000000,0.748076,0.234838,2.035595,116813
US-FL-Miami,12-01-2010,1.092805,0.313803,150.000000,0.679676,0.304544,1.975778,88755
US-GA-Atlanta,01-01-2010,1.380801,0.259119,142.000000,0.636281,0.349358,1.647789,8572
US-GA-Atlanta,01-01-2011,3.039769,0.433349,44.000000,0.819602,0.166580,2.436104,53542
US-GA-Atlanta,02-01-2010,2.995779,0.357253,39.000000,0.677144,0.313426,2.439834,53954
US-GA-Atlanta,02-01-2011,2.743817,0.445593,50.000000,0.834703,0.147437,2.541100,58204
US-GA-Atlanta,03-01-2010,3.030443,0.366981,39.000000,0.645288,0.345530,2.269184,78848
US-GA-Atlanta,03-01-2011,3.327193,0.500393,43.000000,0.849886,0.133069,2.691328,34882
US-GA-Atlanta,04-01-2010,2.971539,0.358310,38.000000,0.623584,0.366922,2.346404,55609
US-GA-Atlanta,05-01-2010,3.203660,0.359143,37.000000,0.612453,0.378301,2.440822,55728
US-GA-Atlanta,06-01-2010,3.246676,0.358394,37.000000,0.617526,0.372633,2.485363,48249
US-GA-Atlanta,07-01-2010,2.996326,0.354771,39.000000,0.642545,0.348478,2.397713,43007
US-GA-Atlanta,07-01-2011,3.414046,0.546182,44.000000,0.810301,0.172606,2.726333,50252
US-GA-Atlanta,08-01-2010,3.277303,0.406962,41.000000,0.737235,0.251436,2.113477,57717
US-GA-Atlanta,08-01-2011,3.609074,0.573328,44.000000,0.791754,0.191114,2.722859,48289
US-GA-Atlanta,09-01-2010,3.480334,0.413447,41.000000,0.781572,0.206097,2.238752,72052
US-GA-Atlanta,09-01-2011,3.738860,0.598055,45.000000,0.797549,0.187435,2.745086,47713
US-GA-Atlanta,10-01-2010,3.353519,0.410404,42.000000,0.763682,0.224580,2.158990,65337
US-GA-Atlanta,11-01-2010,3.031813,0.439222,43.000000,0.775139,0.213144,2.240183,57821
US-GA-Atlanta,12-01-2010,2.884689,0.414623,46.000000,0.803045,0.181737,2.424759,65132
US-IL-Chicago,01-01-2010,2.050690,0.359321,52.000000,0.707738,0.278212,1.923731,9693
US-IL-Chicago,01-01-2011,3.200126,0.480377,39.000000,0.764976,0.218516,2.095013,36806
US-IL-Chicago,02-01-2010,3.415217,0.442511,35.000000,0.660036,0.329750,2.617032,103968
US-IL-Chicago,02-01-2011,3.137031,0.512954,44.000000,0.797119,0.187796,2.233129,25934
US-IL-Chicago,03-01-2010,3.290518,0.450815,35.000000,0.638977,0.351299,2.473866,156619
US-IL-Chicago,03-01-2011,3.430370,0.507902,39.000000,0.792848,0.189680,2.298491,36216
US-IL-Chicago,04-01-2010,3.505720,0.442584,34.000000,0.591624,0.399724,2.511939,121076
US-IL-Chicago,05-01-2010,3.695758,0.442481,33.000000,0.547655,0.442740,2.577964,118102
US-IL-Chicago,06-01-2010,3.819954,0.462514,33.000000,0.572632,0.419122,2.662799,107321
US-IL-Chicago,07-01-2010,3.516554,0.446110,35.000000,0.577741,0.412986,2.526020,92322
US-IL-Chicago,07-01-2011,3.222431,0.523785,44.000000,0.759912,0.187374,2.507037,58054
US-IL-Chicago,08-01-2010,3.150278,0.508964,37.000000,0.742751,0.237151,2.045451,106783
US-IL-Chicago,08-01-2011,3.086329,0.521401,43.000000,0.716995,0.203238,2.432360,48757
US-IL-Chicago,09-01-2010,3.311999,0.482679,33.000000,0.765531,0.219565,2.078542,85322
US-IL-Chicago,09-01-2011,3.311049,0.544410,43.000000,0.799049,0.184224,2.489961,37941
US-IL-Chicago,10-01-2010,3.260985,0.443154,33.000000,0.748649,0.237344,2.025902,38782
US-IL-Chicago,11-01-2010,3.307176,0.501515,36.000000,0.773966,0.211011,2.171457,40454
US-IL-Chicago,12-01-2010,3.277180,0.486412,38.000000,0.757447,0.225383,2.247702,62491
US-NY-NewYork,01-01-2010,1.028501,0.281904,142.000000,0.664327,0.318957,1.788954,15062
US-NY-NewYork,01-01-2011,3.006445,0.502904,61.000000,0.915109,0.068183,2.292558,172303
US-NY-NewYork,02-01-2010,2.585090,0.452178,37.000000,0.452533,0.534880,2.368658,88524
US-NY-NewYork,02-01-2011,2.869267,0.509654,66.000000,0.920929,0.060878,2.288672,119125
US-NY-NewYork,03-01-2010,2.288818,0.425666,41.000000,0.483193,0.504864,2.244516,139224
US-NY-NewYork,03-01-2011,2.814481,0.523627,52.000000,0.939523,0.040955,2.282518,90874
US-NY-NewYork,04-01-2010,2.314708,0.416713,38.000000,0.452506,0.535927,2.270261,104469
US-NY-NewYork,05-01-2010,2.449365,0.424864,36.000000,0.405374,0.583961,2.341814,99718
US-NY-NewYork,06-01-2010,2.645461,0.434461,36.000000,0.380721,0.608708,2.413176,87876
US-NY-NewYork,07-01-2010,2.513574,0.430993,38.000000,0.389282,0.599763,2.355193,69001
US-NY-NewYork,07-01-2011,2.528321,0.495372,54.000000,0.946297,0.030685,2.407284,75231
US-NY-NewYork,08-01-2010,2.908191,0.514921,33.000000,0.503652,0.478581,1.939764,89095
US-NY-NewYork,08-01-2011,2.494075,0.505417,52.000000,0.950003,0.030026,2.388898,105940
US-NY-NewYork,09-01-2010,2.851064,0.483244,34.000000,0.570580,0.414406,1.966725,96218
US-NY-NewYork,09-01-2011,2.610400,0.521367,59.000000,0.917247,0.063028,2.367070,86622
US-NY-NewYork,10-01-2010,2.441229,0.429196,38.000000,0.576433,0.407170,1.823137,78132
US-NY-NewYork,11-01-2010,2.485652,0.452922,43.000000,0.648293,0.335423,1.993829,95455
US-NY-NewYork,12-01-2010,3.132654,0.480272,63.000000,0.889968,0.092950,2.334220,160303
US-NY-NewYork-2,01-01-2010,1.464565,0.322005,116.000000,0.747065,0.233680,1.837477,9646
US-NY-NewYork-2,01-01-2011,3.306373,0.528832,41.000000,0.747804,0.239635,2.201734,75927
US-NY-NewYork-2,02-01-2010,2.712536,0.469478,41.000000,0.688128,0.302076,2.385866,68742
US-NY-NewYork-2,02-01-2011,3.445726,0.542939,45.000000,0.725076,0.261017,2.295704,60562
US-NY-NewYork-2,03-01-2010,3.012330,0.548949,38.000000,0.530132,0.461255,2.345422,104294
US-NY-NewYork-2,03-01-2011,3.734686,0.541346,44.000000,0.697736,0.285662,2.369709,61928
US-NY-NewYork-2,04-01-2010,3.391653,0.547200,35.000000,0.364846,0.625443,2.461013,68874
US-NY-NewYork-2,05-01-2010,3.772252,0.563078,32.000000,0.301172,0.688901,2.530514,65163
US-NY-NewYork-2,06-01-2010,4.060286,0.567803,31.000000,0.323303,0.666492,2.609047,60247
US-NY-NewYork-2,07-01-2010,3.777258,0.563466,32.000000,0.294229,0.696130,2.502788,53745
US-NY-NewYork-2,07-01-2011,3.875328,0.595986,45.000000,0.621730,0.365291,2.564291,52273
US-NY-NewYork-2,08-01-2010,3.605584,0.551367,34.000000,0.529673,0.461297,2.079305,88132
US-NY-NewYork-2,08-01-2011,3.997369,0.614227,45.000000,0.639309,0.346810,2.656505,57730
US-NY-NewYork-2,09-01-2010,3.171071,0.526528,35.000000,0.672369,0.318169,2.173475,93702
US-NY-NewYork-2,09-01-2011,4.010455,0.618990,47.000000,0.686018,0.300004,2.680933,55949
US-NY-NewYork-2,10-01-2010,3.057151,0.500896,36.000000,0.620662,0.369354,2.096906,100991
US-NY-NewYork-2,11-01-2010,3.189458,0.510896,38.000000,0.671956,0.317113,2.104662,96760
US-NY-NewYork-2,12-01-2010,3.564132,0.525048,39.000000,0.601413,0.389484,2.132588,78215
US-TX-Dallas,01-01-2010,1.320910,0.273541,137.000000,0.605221,0.381594,1.895132,6140
US-TX-Dallas,01-01-2011,2.105999,0.415881,54.000000,0.790911,0.192367,2.264527,67840
US-TX-Dallas,02-01-2010,2.490697,0.402424,47.000000,0.559407,0.430902,2.567885,60626
US-TX-Dallas,02-01-2011,2.291723,0.446605,54.000000,0.777251,0.204443,2.367346,60718
US-TX-Dallas,03-01-2010,2.504098,0.410460,44.000000,0.532140,0.458324,2.451004,88308
US-TX-Dallas,03-01-2011,2.364717,0.447602,52.000000,0.781640,0.199394,2.447590,59970
US-TX-Dallas,04-01-2010,2.537323,0.408705,38.000000,0.522942,0.466500,2.497107,69626
US-TX-Dallas,05-01-2010,2.718234,0.410367,37.000000,0.493453,0.497463,2.564281,68613
US-TX-Dallas,06-01-2010,2.756747,0.411478,36.000000,0.512884,0.478281,2.628893,63203
US-TX-Dallas,07-01-2010,2.543942,0.405106,39.000000,0.545652,0.445689,2.512440,56188
US-TX-Dallas,07-01-2011,2.688341,0.466917,51.000000,0.793767,0.187065,2.596140,51786
US-TX-Dallas,08-01-2010,2.607809,0.439462,51.000000,0.706451,0.282742,2.148422,79950
US-TX-Dallas,08-01-2011,2.930111,0.499360,50.000000,0.806964,0.174210,2.750081,61211
US-TX-Dallas,09-01-2010,2.508942,0.437471,52.000000,0.743327,0.244286,2.210011,84213
US-TX-Dallas,09-01-2011,2.968138,0.527278,52.000000,0.817715,0.165223,2.736081,57657
US-TX-Dallas,10-01-2010,2.441957,0.428337,52.000000,0.716698,0.268483,2.183933,79690
US-TX-Dallas,11-01-2010,2.267240,0.422733,53.000000,0.740034,0.246384,2.181397,83684
US-TX-Dallas,12-01-2010,2.280857,0.414072,53.000000,0.749917,0.234668,2.208371,62034
US-WA-Seattle,01-01-2010,1.128038,0.399882,182.000000,0.574386,0.411582,1.697078,11057
US-WA-Seattle,01-01-2011,1.815764,0.468579,132.000000,0.844349,0.133445,2.333217,36126
US-WA-Seattle,02-01-2010,1.893168,0.563345,149.000000,0.683086,0.303250,2.105402,75007
US-WA-Seattle,02-01-2011,1.967251,0.490458,134.000000,0.811949,0.166200,2.254330,72469
US-WA-Seattle,03-01-2010,2.098704,0.538159,135.000000,0.663035,0.323617,2.129455,112674
US-WA-Seattle,03-01-2011,2.284585,0.515013,121.000000,0.807769,0.172451,2.202289,75485
US-WA-Seattle,04-01-2010,2.064959,0.561173,137.000000,0.698306,0.287478,2.164528,96693
US-WA-Seattle,05-01-2010,2.085270,0.563247,139.000000,0.687393,0.296020,2.143633,100283
US-WA-Seattle,06-01-2010,2.200346,0.563187,132.000000,0.725662,0.260407,2.273879,84075
US-WA-Seattle,07-01-2010,1.916462,0.554360,132.000000,0.779489,0.203141,2.201931,73482
US-WA-Seattle,07-01-2011,2.774031,0.589840,115.000000,0.794126,0.184734,2.358141,47909
US-WA-Seattle,08-01-2010,1.932865,0.435680,126.000000,0.791583,0.182028,2.019961,121129
US-WA-Seattle,08-01-2011,3.445099,0.604125,111.000000,0.783235,0.190114,2.376148,21711
US-WA-Seattle,09-01-2010,2.424993,0.442597,92.000000,0.787074,0.196976,1.934072,77823
US-WA-Seattle,09-01-2011,3.048045,0.602845,120.000000,0.811088,0.170538,2.371734,18638
US-WA-Seattle,10-01-2010,2.341517,0.454536,98.000000,0.773977,0.207568,1.894888,55902
US-WA-Seattle,11-01-2010,2.051664,0.456442,110.000000,0.791505,0.189464,2.005046,44566
US-WA-Seattle,12-01-2010,2.407916,0.511012,96.000000,0.746196,0.239463,1.833397,9988
